-0.832339179115
0.832558279939
0.271131240847
-1.28692275333
-4.83475013491
-2.9499971047
-2.70765082658
-3.13323365139
-0.348675142226
0.144140119441
1.22892973302
-2.24678634852
0.148905465338
0.73517115495
1.67187704069
0.209391197562
0.0312727793583
-2.19755806406
-0.103192285078
0.621161939
0.91841889087
-1.69251056532
1.50665355558
-1.07697574132
-0.709318183831
1.61322424369
-1.18748030012
-1.35252262525
-3.41316021102
-1.88163067363
-1.74959475326
1.48237605742
-0.412522812061
-3.09578343991
-1.93134447292
-3.13014136115
