0.823954988245
-1.90899467138
0.862462095698
0.311762868432
-0.484438787402
0.931289644686
1.51676518243
-1.56105933392
-0.124375692376
0.149606229228
-1.87544936513
-0.291655719049
0.149745801765
-2.3281279539
0.199017074997
-3.41978465632
0.437290311958
-2.06868693453
-2.59517835743
-0.995509942498
-1.88548180275
-1.01401087372
-2.42809272897
-1.08607965196
-0.802470425022
1.57689200483
1.44496424519
0.416018143865
0.0803603546016
0.703544306102
-0.692013817594
-2.72977889011
-1.48354501606
2.38882924583
-1.5422532665
1.18114505266
