0.932748515064
0.291426941429
-1.19361251859
-2.87135981504
0.531070491976
-0.854777299775
0.952183328333
-0.874297620812
1.41038293061
2.58021579156
-1.45339829673
0.362799954012
1.91496066802
0.223629179815
2.69774905301
-0.361831954817
-2.86256009312
1.35167950795
-0.906574294116
0.882383076248
-2.07520275959
-1.04400378241
-1.64533255297
-4.46002154923
-0.781746427546
0.584475363198
-1.66047388837
-2.53269102761
1.67982188415
-0.0691263630616
-1.94404093016
-4.42637715025
-0.606644867832
1.84065508857
-1.35923169173
0.117571748095
