-2.09756145937
0.453643334025
-1.8107092809
0.0521644495484
0.543822455274
-0.914063214933
-2.28871936444
-0.753812547713
-2.50994888189
1.22487075773
1.71097096313
-2.95142870298
-1.37919641239
-1.59440278781
-0.422126302386
0.751169283569
0.956767289765
-2.08194050675
0.113491880387
0.0155324798771
-0.505094345924
1.07969776969
1.18631545435
1.51494155815
-1.63849587283
-0.454900617246
-1.72587286064
0.0809564714771
-0.922515016853
-1.76882565298
-0.124058956995
-0.157670177424
-0.103380306043
-2.35794489253
-0.666781937169
0.703857051672
