0.0307956940514
-2.69570131382
0.216391259178
-1.07782836035
0.771033038231
-0.8941641735
1.75733606211
-0.912951256506
1.57267316633
-1.59881283326
-2.30553254043
-1.54869643049
-2.43200535925
1.15418086079
-2.45298706071
0.807166541204
-1.89723196432
-1.99999843758
1.41058072083
-0.94708189941
-0.00701889020665
0.0728341373671
1.31097170326
-0.521386854796
0.12823552808
1.84742385982
-1.36728959867
-1.20249567499
-1.72963906464
-0.17765155136
-1.43689603607
0.574434376812
0.874216817369
0.620169439107
0.156848453553
1.26426921397
