0.250827063313
0.112767153218
-0.930658099245
0.339442943117
-2.77413689524
-0.461975857058
-0.808449449349
0.188703649325
-0.675519580315
-1.03621722885
-1.2233689286
0.776528437251
1.49854323296
-3.19123496128
0.205464556393
-0.956635241716
-0.665134218796
2.10981176783
-0.33648060073
0.612020725861
0.785531508733
-0.454290475598
-1.36223523898
0.966488065812
-1.78295388444
-3.24768625744
0.378746321371
-1.21031516706
0.973821134188
-0.701505717516
-0.906475111367
1.01313926624
0.47351412931
-0.181465634844
0.181896060057
-1.34075673652
