-1.52063090806
0.691732353317
0.303027669721
-1.23586533138
1.3539409282
-1.34678427314
-0.0151311504078
-0.363100555026
-2.31288177422
2.25760466416
-0.176817821833
2.11745088352
0.701858834174
1.05284204169
0.784879750023
1.8127863682
-0.564986844163
-0.927608556187
-2.39400746277
-1.56091084266
-2.46928257533
-0.185390800594
-1.80910823391
-1.88270719055
-0.583945519151
-0.739306542109
-0.303279700762
-1.06272463147
0.765166005536
0.593613814291
-1.38783358455
-0.265038597692
-3.06814315118
-1.93639469144
0.743615749282
-1.3312271869
