-1.57853593164
-0.300107080669
-2.41582866905
0.115562870696
-0.428539686021
1.49416161715
0.302230646939
-0.146652084443
-0.161971390599
-0.0109217538462
2.4881784749
-1.27042586137
-0.225408744272
-0.929501556721
-1.3078599436
0.341798641103
-0.73324190941
-1.44683860048
-2.60096406512
-0.1108228516
-1.53986340935
-1.09939932398
-1.71407897871
0.425870024215
-0.392840830327
1.08893420392
0.882206542554
-0.104602111524
-1.83061318693
-1.4711712063
-1.74362790749
-1.59780134179
2.2956883565
-1.01918917634
-1.98870964061
2.10570938932
