-2.00298902832
-0.439485031307
-0.381205645203
0.712404127886
0.820290046347
-0.983840875527
-2.33853074488
-1.8452929745
-0.056353249274
-3.10313592711
1.36342038466
-0.564714701234
-1.63326146467
-0.430863147476
0.592451245327
1.18502855877
-0.673033229725
-1.49879793663
0.0120697994519
-2.00703203813
-0.0554886134962
0.932613142536
0.37310263048
2.01378705164
0.578240504134
-1.54650553205
-0.778976657868
-1.03689306618
0.134243426593
-2.22363050596
-0.776599513936
1.82145920906
-1.77102333996
1.21793299468
0.149529573145
-1.87324407581
