-0.264440155604
-2.0106085988
-1.05108600211
0.202131630838
1.55343638652
-0.929108987876
1.68854335382
0.0987229798527
-1.90861746759
-1.97753055017
-1.50928818865
1.3093373977
-1.43873066404
0.649101914892
-1.24464511363
-1.26681555988
-0.407031085782
1.37307649744
-0.228053868271
-0.786253957676
0.602276359832
-1.91350405971
-1.49109354719
-0.95049290851
-0.783194183269
-1.66665848359
0.448891981729
-0.34551624279
1.03687474105
-0.23152974098
-1.23424021512
0.423290720414
1.04422890974
1.07631764588
1.43905802117
-3.25382461953
