1.23163583347
-0.00970664034798
0.141380178433
-1.29395653087
-2.42890570151
0.259171339832
-1.59656773468
0.42390579746
1.0788806713
0.848458679756
-0.702088730357
-1.71125192644
0.633545375193
0.0596040034554
-0.661296734253
-1.80140016762
-0.708925277337
-1.02262541224
0.462569108044
0.450959239522
-1.59810714977
0.157184205682
0.305759616461
-1.49094962392
1.00438263123
1.11177410328
0.813520271685
-1.9169065564
-1.08373860492
-0.236749507568
-0.875608585018
-1.69150300384
-1.07434286913
-1.30226524868
-0.836005859523
0.386881926038
