0.0509341225806
0.861405823101
-0.897389536227
0.730174081829
1.13758562164
-2.24285286944
-1.58761870205
-0.734827007246
-2.45414101504
-0.136121322157
-1.77593912791
0.738069264623
0.763129634347
1.08276372943
-1.76085977267
-0.285842433699
0.0622610559632
0.258085090048
0.117669312169
1.08886945197
0.419875686665
0.387059806993
0.649338817689
1.25685747772
-1.84102642713
-0.841215144056
-2.02064740395
-0.247416024368
-0.428307545045
-1.96701457615
-1.09206271738
0.376624354612
-1.79892786491
-0.0508390480344
-0.955232176791
1.10442495128
