-0.949641108545
-0.804021541762
-0.0340602512853
-0.763904844982
0.186173124498
0.787043669221
0.812466009329
-0.978383778812
-0.140021257935
-2.9211549256
-0.471966675375
-1.93349625212
-0.256482068178
0.969618484824
-1.08581591989
0.156922541784
-0.903482393835
0.749118637987
1.1985272772
0.808300113798
0.866832900046
-0.774861971049
1.15204324531
-0.344904776992
-0.114553874878
-2.15923905875
-2.49357462967
-0.848227705179
0.590813401557
-2.04589294866
-1.09795788428
0.540111850275
-0.134473370776
-3.36879492059
0.891569178973
0.834079505189
