-1.7289643868
-2.23840672558
1.00045822822
-0.559060331463
1.91289066368
0.841604821917
-0.412047610257
0.637414086412
0.278940946953
-1.49237920867
0.898180726551
1.98084206455
-1.26786085512
-1.6052643429
-1.37750154738
0.316005916193
-0.414172735864
0.914855355605
0.120556375175
-1.05032667284
-0.324326962771
0.478092362347
0.531729712093
-1.75315616455
0.73981273417
1.23842470771
-1.00598956833
-1.10576774035
-0.472061881175
-1.82838832041
-0.604132447387
-0.78032789529
0.359722555034
-1.6614786015
-0.784524994194
-2.33613254815
