-1.43523834699
0.460689307961
-1.43496840355
0.0506747146274
-2.48574695543
-1.51513550898
-0.335203974782
-0.967239588803
-1.45665301647
1.42487005746
0.0619254222756
-1.26106827241
-1.59019571022
-2.54698463937
1.79110148393
-1.00101910674
-0.165481204575
-1.60858821882
0.0651371370421
0.0477014086018
-1.85950735681
0.862281557075
-1.38963681533
0.18378719672
-0.330243828787
0.638422922663
0.657373807228
-0.749300280491
0.804384602094
-0.609883680806
-1.32851916204
1.59459338833
-0.625260785963
-0.411273541286
0.406517094899
1.02449508105
