-0.898766092711
-0.662585928429
-0.940678594522
0.582970912098
1.71031088876
1.40538290412
0.0880074401599
-2.54645074851
1.14850392042
-1.88835176829
-2.09132025351
-0.960662947173
1.10332403418
-1.02266102913
0.195701719137
-0.278516000242
-0.434134280951
0.395634660005
2.16656320222
-1.56675992027
-1.90742240555
-0.179916077683
-3.09459646308
-1.04298527999
-0.869473689797
-0.989536186752
0.245910936712
-2.35902044974
2.07425411348
-1.52848026943
-1.71270287513
-0.932221211159
0.133565807614
0.300805847979
1.76502723796
0.398398736647
