1.0308162461
-0.191261309517
1.42197762322
-1.28951009456
-0.603127873076
-1.51442260533
-0.256275148982
-0.187440599732
-2.36279705855
0.363502231892
1.36497206841
0.811724301226
-0.862617486602
-0.430731121501
0.181244890343
-2.09315238925
0.908195391988
-1.26930890155
-0.786183712297
-1.09760539475
-0.980659212828
0.884027268176
0.561247023696
0.412083302225
-0.64012845893
-2.24632536446
-0.360678206391
-0.154104643091
-2.79243506107
-0.663537897062
-0.864763052701
-1.41165851023
1.00075332144
1.32579791143
0.41392489351
-0.981667790252
