-1.14548213098
0.585568582249
-0.410801621419
-0.784936865406
0.0818560700793
-0.267139825993
-2.45015646144
-1.71982607958
0.341714470694
0.74307666527
-0.449914130583
-0.0126806426723
-0.591515785864
2.10763267088
0.992927211608
2.22807578286
-0.887235151192
0.801095047092
-1.9972281054
-1.61744145257
-0.155448825564
-1.1008718719
1.51395893694
-0.16972691842
-0.266561579863
0.853706455456
-2.32017838309
0.281587990942
0.471888611845
-1.66750271638
-0.523641024875
-1.10308341683
0.0249359455498
-1.44480685582
-1.97888505033
-0.45086245775
