1.60077097259
-1.01562654973
-1.73443380948
-0.311450623056
-0.3568975154
0.86033854421
-0.321449165379
-0.337899502027
-0.448990669627
-2.09176155278
-0.525957552099
-0.223681046668
1.09720430029
-3.1510722105
-2.66769558123
-0.519979630371
-0.416554422026
-0.36961971112
-1.51762675183
-1.12714969324
-0.379477622049
-1.78651520862
0.665882018146
-0.176667748062
1.1069876411
-2.14871157623
1.74234154484
-1.80887224442
1.96128600152
1.53298113202
-0.67682312763
-0.616941043213
2.11548939126
0.17929412674
-1.08814854271
0.400664156359
