-0.470245651736
-0.435625136383
-0.185677617427
-1.12240404369
1.39566469746
-1.77869735933
-0.543098645465
-0.25115172011
0.677519837634
1.05766164064
-1.11108098441
0.144191524039
-1.20185925101
-1.08618576828
1.37602972996
-0.258250661634
-1.06139927725
0.674872163185
1.70311298364
1.6066334127
0.462629419975
-1.3990222958
-0.708059641011
1.45871352709
-1.35605378175
1.93389768425
-2.57978443942
-1.03202558837
-1.62380629116
-0.504711544781
-1.67858395996
0.528644636676
-1.64935207054
0.351294644109
0.907497205658
-1.95782689471
