-0.527987314165
-1.25654012491
0.372201546964
0.0451379603779
-0.596741049981
-1.6265953187
0.798280168192
-1.88724598935
0.666078368375
-1.00016985539
1.39430189333
-1.89678754806
-0.682333384204
0.158934167291
0.798169964532
-2.01750223925
0.00574567882798
-1.72228526956
-1.15041506793
-1.17915066472
0.704539614466
1.20182898072
0.0561756961512
1.32479138673
-1.24339163792
-2.12424789762
-2.00531486302
-1.23188152176
1.33858632584
-1.8927804756
1.12162289961
1.12103847437
0.932118340535
-0.775295251344
-1.91811517017
-0.916327918655
