-0.77365434107
0.455101630811
-0.483962160161
-1.68007993466
0.741162712848
0.328228556751
-1.64599587226
0.775954007518
-3.60662290293
-1.45641640385
-0.230827262312
-0.46127321066
1.37801926865
0.833878351645
0.80326259622
-0.700284816564
-1.96811806689
-1.49784775574
1.01778942586
-1.25147613109
-0.966513888496
-0.621182724993
-0.333392919137
-1.72056128131
-1.61332586818
0.544673795764
0.199099210309
-1.67297800316
-0.84655782662
0.343414924704
-0.354268886066
-1.7214344518
-0.558028696517
1.98715807807
0.147747795106
-0.117597408486
