-0.340759640998
-1.51485127599
-0.390237784236
-1.52302267869
-1.62769451783
-0.591987990071
-2.16319371195
0.283905245745
1.32704454144
0.894934307108
-1.53292770891
-2.54042729361
-1.31905769776
-1.72015389351
-0.845065962218
0.87466438858
-0.0765896002551
-0.152330642794
-2.06825371473
0.625137395267
-1.35983157589
0.20173110246
-0.727845738937
-0.381268554238
1.23381512875
-0.372461224732
-0.66147683833
0.87583342577
0.152077158684
0.154432415399
-0.0507380081063
1.51716995054
-2.34367786331
-1.63653357817
0.921062341548
0.231729849517
