0.0977093632935
-1.00775132269
-1.77609491895
0.949840730034
1.59489101896
-2.92166539226
-1.26210230556
-1.00129640503
0.965148395949
0.175098989677
1.27707435387
1.51062411523
-0.248885330575
-0.899156232846
-1.96803542034
-0.337002807472
-2.4026834278
1.11478712596
0.739391213107
-2.48326999991
0.00882418043051
-1.6136982079
-0.229723628035
-0.0168322315663
-2.59452736607
1.99291361806
0.123545787239
-0.615387669432
-1.63574544787
0.450582489941
-0.818217128896
2.78154405498
-0.797761787192
0.989196864389
-1.67826032936
-2.53480212513
