1.08957088235
0.0870108950852
0.662794107387
0.659364496943
-1.10960413667
-0.793503374668
0.333214350671
1.55083371061
1.11162505102
-1.85117339657
-0.709240884407
1.07120177325
-1.23630387143
0.266581153306
-2.26323001932
0.306958789223
0.220101472192
0.505866360851
1.9470218404
-2.31584932605
0.453120929167
-1.70543262073
-0.349165007052
-1.7391281792
0.43917688793
0.601484201142
-0.476458715318
-1.36340150952
-3.072073189
-0.847484616885
-1.45585471732
-2.90513307458
-1.96226042954
0.902004965434
-2.01450068132
0.361387132774
