-0.874222900808
-1.03860320209
-0.812203033173
-0.382827679919
-1.17822204861
-0.411685385102
-0.214826505279
-1.20107866582
-0.625793154539
0.946817983403
-0.311237395176
2.15859758294
-0.822599643874
2.51141146193
-0.391698345405
-1.98551102074
0.886848044719
0.701222914016
-0.985679436519
1.08332434197
-0.231924235205
-0.973414956144
-1.97293887996
-0.39105359797
-1.30186328897
-1.21538473864
-0.441014327959
-0.417046884617
1.36520882032
-0.486749051457
0.765109231487
0.979576905157
-2.03216791812
-1.61885560539
-0.908332967038
0.476331073446
