-1.63705701167
0.0892218496257
-1.24007229457
-1.65743941316
1.03349986317
1.08290526885
0.754289495559
0.537700435497
-0.0265867055305
-0.45451714483
-0.892472383299
-0.0436517583662
-1.48914275795
-1.40111114979
0.303019489045
-1.47759510418
0.417787864804
-0.728538365738
-0.679314903706
-0.49102724635
0.276430676066
0.126777179081
0.752781924386
0.572616298972
0.530456320522
-2.1031635728
-1.12367960046
-0.408667990333
-0.992560202894
0.908189165681
-0.491133155294
-1.60827392467
0.344292522857
-0.681142395411
1.08315512481
-1.80924218135
