-0.427581182238
-1.22431910426
-0.247957999885
-1.36729004574
1.33219653334
-0.726373146009
-1.81607439314
0.901256419961
0.0189131950883
1.23187808699
1.25935047236
-1.46736337164
-1.88554072602
-2.00836749013
-1.20322966271
0.864914813741
-0.0626903413331
-0.380462496071
-1.67727636757
-0.847509390182
-0.641321254086
0.42370667364
-2.14259928432
-2.16784226992
-1.56251371867
0.796827832029
1.03343253646
1.47128539684
0.274319700486
-0.0522675097212
-1.72663837121
1.7454975749
0.916893719518
-1.1291629801
-0.442498443029
0.295877202917
