-0.0310806583913
0.755941846153
0.418184734377
-0.346189797632
-1.7534595689
-0.00696545542842
1.3463069359
-0.240912261374
-0.883011373385
1.02123462084
-3.18347621256
0.844717805054
-1.26322023813
-0.0351045065642
0.319293380741
-0.45275421199
0.263512011066
1.18491164798
-3.62915520467
-2.1061386151
-0.315637892081
-0.262136842231
-2.93598641264
-2.02810214537
0.217285912934
-4.16287578089
-4.03742669944
-1.80290350217
0.631718707792
0.813767028488
0.0647353081873
-4.268546414
1.51320193414
1.18898695863
1.5020098094
-0.968494638448
