-1.52757762402
-1.08778975179
-2.13864864713
-0.75696000829
-1.18437453645
1.23266583505
-2.53161082667
2.65376183978
-2.10571414529
0.364564626521
-1.26030155356
-0.251503343419
-0.756325418109
-0.891059084947
-1.43965197516
1.05609188796
-0.814986407997
-1.90935355724
-0.14067376842
-0.177157810114
-2.17564859503
0.505933047279
-0.353155029587
0.626133802099
0.958973742294
-0.10130773937
1.82811921517
0.733213732319
-0.430907509302
-1.68078215551
-2.28795714288
-3.01850046351
-2.77269579352
-1.51425159416
0.843338569241
1.8250273918
