0.802570499979
-1.29935448575
-0.383450365545
-1.27873488267
0.380985432327
1.17825413095
0.9707943856
-5.37762070074
1.54885385598
-0.146280904498
1.64689686986
-2.42097090065
-0.265568592565
0.351890112271
0.945234130107
-0.0414896990831
0.217671910507
2.1896877134
-0.0417549560423
1.36506970706
0.907742819597
-1.28444084612
1.79401297486
-3.7225660258
-2.84965564808
-1.40254326753
-1.25237154713
-1.78263629365
0.639379397125
-0.58871984094
-1.22760281929
-2.31805275014
-0.159579528893
0.321327206429
-1.30296478386
1.34972050709
