-0.0941271073452
0.850208912105
-1.25808564109
0.702119335014
-1.38668265702
-3.59907474786
-0.499764629719
-0.363529477762
-2.48864014176
0.700964965112
-0.681398260427
-0.627745624546
-1.24348118541
1.26756748872
0.392967600891
-0.667584145256
-2.7328079613
-2.94564573172
-0.320142578158
-0.640832686441
-1.25995697067
-0.705044698792
1.02169910621
0.33272740986
-0.162468550376
1.92162943572
-0.863575315495
-0.92752930234
0.603895549064
1.63927018721
-1.08482553886
1.21963606888
1.85362952513
-1.89660682866
-2.89101583857
0.929850866398
