-1.55123058824
-3.63755935329
0.814453980524
-0.0728484323531
-0.0851044501681
-1.55698498419
0.939066901257
-0.084290719999
0.791822215534
1.05827700351
-1.23076914933
0.94458553104
0.447880046519
-2.2834492553
-0.437721780896
0.263114631854
0.558397493268
-1.30210708786
-0.0994660904601
0.72578095566
1.0709463377
-1.2873804775
-0.786798751382
0.403208389981
-1.34813905218
0.196662838929
0.114206599141
-0.296274393281
1.67680275768
-2.48349017831
-1.15596362211
0.553518407358
-3.47413074145
-1.65494758578
0.979166985826
-4.18236856301
