0.152944406627
0.188757144635
0.438913980109
-1.06626075395
-0.618541454161
0.342215204697
-1.23507508657
0.31020577704
-1.22905731074
-1.69262453931
0.699550579227
-1.98743561347
-2.1878861352
-2.190260447
-1.07924203318
-0.612658910331
0.16742698846
0.851233355036
1.5782544466
-2.13451117553
-0.705191285942
-0.18788920723
-2.48433842633
-1.72830939623
0.830202157549
-1.61167258678
0.896830315233
0.1050200982
-2.71644504836
-0.278463142293
0.304058290155
1.41182824702
-0.642002822562
0.958968278061
-1.71217363145
0.490000865604
