1.25276394965
1.23163713587
-0.535123471125
1.2801346583
-1.51626719624
-2.43686924697
0.612583953409
1.36694782705
0.409921079616
-0.222398051117
1.43751774802
0.276527839454
0.384427888437
0.346105820932
1.37989869599
0.991590199069
-1.05414036045
1.24376941438
-0.251348067164
-0.85974715105
1.12390452255
0.787845790262
-0.30900129695
0.604529294518
-1.94865836581
-2.05881582674
-0.470670804471
-2.00929900677
-0.877384798962
-0.741925796637
-0.270166247923
-0.48449167559
0.0196367300533
0.22962365545
-1.58353413906
-1.35759138566
-2.15770316961
-1.17520644276
-0.862160034114
-1.46278533026
0.544926043165
-1.16223944084
-1.53524970758
0.782347077517
-1.13217763778
-0.303710266683
-0.0388065998237
-0.983509082085
-0.0593464123703
1.00887875721
-0.445120288562
0.573789036555
-0.0884542761529
-0.0628793655072
0.715750199189
1.24737155368
-0.930299795702
0.184318957418
2.05735386985
1.89348007737
2.80468847125
0.922084549366
-0.551736332767
0.244321832552
-0.835692690892
0.717485631045
1.77324127681
-0.151846731905
-0.134444492768
1.14539362128
1.38808421733
0.713257024745
0.89421475541
0.315971627945
-1.08965019131
1.01559605265
-0.493047098292
0.178704494038
-1.33219352924
-1.83184916525
0.943241582654
-0.653085255699
-0.689970855725
-1.89197740625
-0.0414291851303
0.857560142427
-0.0695608511849
-0.981590420125
-0.103703361903
0.534168001579
0.618190882181
-0.912413335792
0.854855011753
-0.791356718311
0.782144918481
0.831391526509
1.04694569982
-0.102509661658
0.0246597356945
0.100206230585
1.42937470444
1.58405315686
-1.19861876881
-0.117692788665
-1.04751867712
-1.95405630248
-0.435368108944
0.281898855648
0.0427648064316
-0.137032371258
-0.132054811429
-2.03297922438
-0.923682719389
0.159184301952
1.1722134015
0.838141011927
-0.510997034269
1.12478511927
0.474622163507
-1.20464708893
0.206650808105
1.07737560246
0.89599489191
0.84744854632
-0.447555335433
-1.26489431732
-0.307799888986
-0.257397091465
0.301719634382
-0.843132140167
-0.307048916125
0.290455484159
0.153009312351
-0.310188261725
1.23266021215
0.211948976071
-0.0281827683889
0.852129594268
0.938176214694
-0.031588316136
-0.907331072167
-0.498425413905
0.328619749268
1.19185614326
0.386774032597
-0.00935988925407
0.453802852128
1.16322881466
0.227210517069
0.93693370639
-1.29728931279
-0.928301792233
-0.593170235104
-1.40500507679
0.210193718587
0.62760718825
-0.316301680789
-0.646521446909
-0.777190152708
-1.14147330971
-0.676912544818
-2.15989583603
-1.40826720254
-0.324766514356
-1.25112537185
-0.718966558853
-0.053319066812
-0.183531574867
-0.533593603549
-0.865693422408
-1.4688182548
-1.61155377794
0.818655060504
0.276378220882
-0.217244890068
-1.56854288546
-1.72458382773
-0.176886072377
-0.911238495299
-1.36150903469
-1.15988313072
-0.642491968586
-1.57329216586
-0.720696985497
-0.950396751021
0.207734804144
0.0589197686415
0.958102651611
-0.67342477217
1.01907338377
-0.841877914641
-0.246826581502
0.895986782247
0.885333302922
-0.481675481022
0.669281944705
-0.120124506209
-0.337889401847
-0.497178931987
-0.37309465807
1.96116629354
1.26576251499
0.0352361804552
-1.29969535445
-0.0936351397431
-1.12162891942
0.0954194817321
-1.60730983604
-1.36649854507
-1.02636935835
-1.29368927461
-1.11600525098
0.473599369965
0.661998502382
0.618725047675
0.234911029937
-1.8118579041
1.0648030031
0.528926386542
-0.723435503381
0.302050169998
0.945960102156
-0.845769972839
0.383246271142
0.199402531642
-0.822035493565
0.840377691089
0.524904503977
-0.364964981488
-0.139640881342
0.355899356781
-0.170946949513
1.29174665582
0.617849456746
0.961092666231
1.97391845553
0.132492606269
1.71196981098
0.773017281908
2.19905527853
0.611984819779
0.117487384227
-0.29307770565
0.322780605308
-0.348443994346
-0.470449062806
-0.68757456217
0.145306417894
-0.481788488747
0.543231755931
-0.953223322021
-0.611706413654
-0.96324395261
-0.363365419337
-0.256845992072
-0.894381184151
-0.744849006604
-0.197957770615
-0.53954270841
-1.33878437029
-2.02397772327
-2.10335112157
-1.10014800789
-1.25681759628
-0.93108665684
-0.969339263216
-0.723326010755
-0.750134752957
-0.950829188879
-0.716650800634
-0.596808425299
-1.5647895232
-0.345323951991
-1.43387000254
-1.99851688305
-0.878398348393
-1.26657472509
-2.33780563913
-0.917165639159
-1.52078959698
-1.14581823676
-0.782781210427
-0.874620605889
-0.923199551699
-1.23373515234
-1.23708928855
0.308405154158
-0.40636683179
0.177730440957
0.18948758675
1.06966764033
-0.394326636928
-0.300220832223
0.42513333648
-0.859321513242
-1.59985742393
-1.9701562659
-0.557122294626
-1.29620375143
0.222330982491
0.644971393292
1.82917492289
-0.816617649884
-0.82738981014
-1.22015446161
0.0356036125685
0.560723013095
-1.32738443093
-0.566843262248
0.0157839864398
-0.357346878247
-1.21006919082
0.0476392081924
0.0213119174406
-0.438148824704
-0.913091822486
-1.10384495993
0.120425639873
0.547522966284
-0.0885602124371
-0.980673548255
1.33273726998
0.86749916956
0.419350842197
-0.897727424366
0.272567085418
0.476408872313
2.35377313799
0.858857237081
0.391324190877
1.82105460162
0.430517460226
1.14430488058
0.730606994363
2.13939079085
0.323430282527
0.632832937745
-0.0619500236702
-0.700362972107
0.369951120366
1.13711352129
0.598643203097
-1.19158761993
-0.69273915917
0.315855125191
1.01869194363
1.18419485207
2.30797805287
-0.489720866112
-0.896305594263
-1.92066551262
-1.94803107691
0.181986452089
-0.502039881327
-0.285461261165
-1.74762224465
1.51214636843
0.748836808745
0.734753630565
-0.603735188456
-1.00673967163
-0.850887376175
-2.24150447155
-1.88813062295
-0.714707457415
-0.716240995396
-2.19145885378
0.0769667907709
-0.716912512159
0.593725247573
-0.0935298492595
-0.842303133307
0.0205381176021
0.738614114752
-0.104212962797
-0.263892216866
0.308187988778
0.0322740215689
-0.628584041507
-0.494043130004
-0.306871578378
-1.1644057995
-0.370759316376
-0.692770804855
-1.20200893109
-0.0445144738359
-0.766129637754
-0.499497883205
-0.379482738385
-0.0198024718999
-0.722811013947
-1.19726255289
-1.59812655387
-1.65282401497
0.0772601858196
-1.46528158009
-0.786878359197
0.226090082247
-0.550825195038
0.408945445754
0.242606674918
2.06927262813
0.368637060369
-0.0698466178606
-1.46355296175
-1.18690224432
1.71758311592
-0.460759986642
-0.540542761167
-1.1573860092
0.54406849094
-2.3447447932
-0.422346572051
-0.205494620649
0.555793422712
-1.26731885227
-1.92671713815
-1.14498039953
0.202459173939
-3.18606132456
-1.6356940661
0.66476355233
0.36303926348
0.140421797288
-0.473988516926
1.20097563895
1.24005477585
1.40890559725
-0.769885921938
0.550474881064
1.46174523954
-0.114151046593
0.697324781431
-0.396716566226
1.45325600438
0.227934181043
-1.83923541644
-1.65882406549
-2.21140777512
-1.93696132356
1.10880545141
-0.128847684025
-1.00903618202
-0.154211769992
-1.85726618215
-1.81764185009
-1.17971583523
-0.0384065598901
0.192990129834
-0.555407726534
-1.34769852907
-0.954335771281
-0.524286175383
-0.174610941754
-0.148461826671
-1.68057336989
-1.55440107995
-1.46119472476
-1.03878786664
-2.0385302807
-0.381655284352
-0.841825616264
-2.10841670612
-0.396538709891
-0.514632098838
-0.743831408025
0.271165546355
1.07509861757
-0.111343075298
0.431542876558
0.261812127088
0.0669478990259
0.934539084429
1.34755000431
0.707644459827
-0.310049927042
-0.417734423015
0.702588180306
0.867080329323
0.0415586212733
-1.35441653032
-1.7309121966
-0.920324472165
-0.187948947688
-0.906563472936
-0.797582703575
-1.63231054172
-0.0551031702146
0.0117215672525
0.617527390057
-0.951057508125
-1.28810893927
-0.227223277546
0.160572109912
-0.863941705659
-0.629335605487
-1.38035615617
0.475148373781
-0.160772729763
-1.44380166543
-1.41263289048
0.220412128172
-0.386499433516
0.280597378846
-0.106269111625
-0.903711102806
1.67221888804
-0.430835235888
-0.188705841402
-1.10796911146
0.81730662103
-1.72800267599
-1.59498022984
-0.821005078721
-1.12454412892
-0.896209184337
-2.56439671597
0.902788291613
0.586977397229
0.0588810431125
1.79153374291
1.6827365231
1.53868699201
1.17915487774
-0.880987842353
-0.217995312025
2.3652484876
1.31294520902
-0.271038470394
0.131190839574
1.75205811532
0.972152141269
0.166119750474
0.356684038575
0.0872731587344
1.08663864259
0.155692483171
0.701783003798
0.549725201868
1.6206236045
0.670621503123
-0.621024353829
0.0185415717642
-0.181916225314
0.139044341088
1.1539134899
-0.453372282639
0.841111270082
0.214269966271
-0.64361605451
1.25728520293
0.799424289509
0.0640115748832
0.871245802319
0.223377626299
0.900593959098
0.413167479126
1.10474908904
2.63434342108
1.98285613831
0.432164026546
1.19440562784
-0.627199251422
-0.387987554852
-0.206318671759
0.381272437293
-0.47873697786
-0.644640979872
-0.628517894503
-0.388927796736
-0.771940938878
-1.0080056864
0.766881647604
-0.242883762473
0.0496913973726
-0.694271562893
0.00385894580831
-0.487422476256
-0.174355014475
-0.36720600786
-0.617244161621
-0.237839408275
-0.737474716926
0.773440977984
-0.438453624325
0.0066898170043
0.446829374283
-0.59377625087
-0.997597314058
-0.170529922766
0.0018467497135
0.656662693134
0.64655498826
-0.0900292558982
-0.255243309244
-1.38009633699
-1.13719403167
-1.02850552526
-1.26104256062
0.503503857433
-0.929990035041
1.25329158741
0.329550848184
-0.655603919186
-0.193900757972
0.714441244539
1.16850201851
-0.449856540054
-0.505632752043
-0.425454535204
-0.57011851254
-2.96039647194
-1.51199718648
0.224140904912
-0.926292860867
-1.01845910865
0.254183978446
1.63097030233
1.03436343511
0.526160766763
1.58295716142
1.53275492484
0.514521130462
-0.342809400512
-0.961320932959
-1.33936323501
-0.708002310067
1.04472185524
-0.0559394060671
-0.743733424256
0.830777210237
1.95462375652
0.280446500295
-0.0187176609557
-0.23237465837
1.0170524262
1.4105200367
2.61905363763
3.58263736192
2.41281482074
-0.134434799654
0.519448481064
-0.0843637303282
2.24505411633
0.401565586813
1.10655558175
-0.898926412939
-0.524658552475
-1.8787358931
-2.9412508004
-2.13793646657
-0.655387582005
-1.52763352177
0.741226287336
0.618792395936
-1.46209132088
0.0678306756848
0.138014370496
0.113877315611
-0.292345848658
0.204972503604
0.810198592021
-0.0561037881287
-1.63677032021
1.89071028316
1.94637567224
2.26883545619
2.15740401563
2.99412482741
1.7460425902
0.895602712646
0.82802488811
0.185536398111
0.212885442942
0.90699091276
-1.06419119585
0.213580038273
-1.71675386099
-0.498526315078
-1.82720581529
-0.124529122119
-0.237308426291
-0.438720283239
-0.546105984651
-1.27900714948
-1.26762693451
-0.507671840981
0.550410668584
-0.616488216727
0.469010611924
1.21885020098
-0.111322167174
-0.725619608199
0.260123366156
-1.20013530761
-1.58505159033
-1.796483238
-0.692220630791
-2.31863226006
-0.779873488554
-0.348889084294
1.01812967774
-0.252859810634
-0.11089030436
-0.687380699638
1.28875842339
1.811118907
-0.175449619867
0.921946285888
-0.979283127116
0.711470888612
-2.69853013176
-0.163102183504
-0.821616323764
-0.587840702742
-1.77279097648
-0.972516118009
1.80814214756
0.388656525362
-0.525669679159
1.30964709764
1.97799067603
1.43437498465
0.481004176057
0.310612967626
-1.34906462447
-0.810078949769
1.0491429347
1.24701234336
2.2843653324
2.25580746062
1.42209308788
1.19123960229
0.858509145195
0.297637582505
2.42499235766
4.77244047236
4.6494646013
3.9968487989
1.14759416651
1.71556022835
2.20775816473
1.92076134027
2.96108969473
2.4661663436
2.61652194148
3.81480981479
3.24119711846
1.53069695007
2.09956705108
0.392289725869
0.724397424561
-0.497551777226
0.390676723473
2.02849876006
0.944267876315
2.31241405977
-0.0125141131686
2.27911085993
0.931779627208
-0.0272187594243
0.395230455906
0.35684553394
0.433984099428
-0.317711291807
0.325896318312
2.58180243093
2.60029868456
1.38457856621
0.778940787436
0.181354574255
0.300779511931
0.109285230968
-1.61678496365
-1.42574666214
-0.312969690929
-0.949357544139
-0.18324363707
0.076131539682
-0.616902294891
0.954942726842
0.258601139801
-0.329971234298
-0.0565323278988
-1.00650041633
-2.766557107
-1.51427669898
-0.947706218023
-1.36036848501
-0.34455912911
1.08908892223
0.615953150515
-0.0315354312847
0.316359267316
-0.249611987986
-1.33235027942
-2.1836271342
-2.07801409072
-2.11399275658
-1.19324222521
-1.78242337414
-1.01479434191
0.858760192941
0.320367515589
-0.765105406943
-0.390572576113
-0.313900978631
2.01303607222
-2.35633834128
-2.01491544896
0.239540985918
-2.96002901156
0.877400543997
-0.647323872293
-0.0643785144876
-0.221319455004
-1.06592743892
-0.787128517288
-1.27295301391
-0.652449037758
0.302579909221
2.02821225969
0.276890010198
2.03200025339
-1.84684657367
1.3079234694
-0.0665164757103
0.840082070359
3.77510488583
-0.301135103072
-1.40155675416
-0.964869338459
-1.40941494375
-2.17308900814
-0.403715764043
1.34926065175
-1.22549626525
-3.8034889176
-0.857635759249
2.08918664073
-0.95734694414
0.0136925373006
-3.37462757908
-0.647770111492
2.90024977521
0.387831014144
-0.633677033727
-2.03508115705
-1.09567917863
-4.45315463704
1.46216419002
-2.24442521835
-1.82760013344
3.08279513011
3.24727369753
0.658043170509
0.0557418549753
0.43164759194
0.216489068386
-0.514758524174
-0.784127598649
0.509473293488
-2.93162009119
-0.548096669853
2.92973401842
0.161792828887
-2.48406795397
1.06403377373
-1.00391795735
1.60622843334
1.31488896658
-1.26176770998
-2.47052013964
-0.845644871102
1.89092783475
-1.93419092656
-5.43410001185
-3.60989914373
-1.56750002462
0.674529939953
0.560748580142
-3.29533361735
-3.05485437138
-0.385211515064
-1.50697503899
-2.00964561611
-1.53578967138
-0.823765934741
-0.490452792614
-1.84135995757
-1.23206038156
-1.20561268755
-0.216422287146
-1.25158784342
1.38396580834
0.619907762335
-0.50588212138
-2.60722931427
-1.79778434603
-2.98763877691
0.104032092301
-1.72963408835
-1.79357838398
0.182308068195
-1.80341871711
-0.284631124956
0.11727555921
-0.828465886156
-1.473862897
0.0170510061465
0.128048348811
-2.67967583904
-0.732627221668
-0.524065767719
1.36327840348
-0.768137481244
-0.665975419355
-1.28065229362
-1.03040433977
-0.373473621892
-0.50317665606
2.37181101266
1.86487796095
1.8353659986
-1.28453363827
0.397354614164
-2.37973347194
1.77562200026
3.77172687332
-0.0237865170739
2.27021925646
0.54377483772
0.171167023483
2.71910080728
-1.72021703507
0.449878479643
0.976974846845
-4.48819817182
5.78748850987
1.33808507444
0.131072668566
0.750959983558
-3.76137934484
-0.269161842382
3.40981819689
3.09084994368
1.44787945611
2.88197291407
1.73983910859
-2.11160913829
-0.981965473681
2.56188934565
0.958749320956
0.109609459227
0.900469443285
-0.692324329619
3.46243953878
0.966416498913
-0.823812052525
-4.01434356798
1.17818194606
2.04882233267
2.23898236921
2.36786320174
1.17594055843
0.0444165657033
0.864164485865
1.7599652653
1.96910154815
1.77817563423
1.91418054603
-1.75119498502
0.79025468317
0.503390352635
0.575570098595
-0.785610440962
-2.6366389675
-2.81101698748
-3.89806771804
1.87897328811
0.841376509076
0.480916741626
-1.18291315343
-0.537660400246
1.14537587633
-1.98001300509
-0.823718106323
-1.47722680758
-1.23869660533
-3.42026973541
-1.78477248235
-3.06966593991
-1.90835546781
-0.714669986583
-0.382737718205
-0.854975188761
0.888259997605
0.334204204224
-0.349878938177
-0.0596393685475
