-1.60451108519
-0.947451355478
-0.485490011804
-0.748422068201
0.700044886672
1.54084893512
-1.24430022354
0.0254857264392
0.384418143696
0.963610642044
-0.805936965617
1.75832850689
2.54737612762
2.83491094352
1.30274655242
1.39515967645
0.692972116807
-1.48920093189
-0.670117191695
-1.48731243317
0.264478459011
-0.629249033856
-1.16512735926
-2.12875864333
-1.15790009695
0.940140462777
-0.805337638219
-1.06229159911
-1.7362411552
-0.875066446958
-0.623697475447
-0.0471108473046
-0.435124222713
-0.806202721157
-2.6136178936
-1.79021715796
-0.812905459743
1.79383514634
0.00524251560278
0.44151256536
0.890322788577
0.234987638176
0.801827053011
2.31572301908
-0.372253935676
-0.828326948679
-1.57796188588
-1.76221885601
2.57379278524
2.64851666381
1.48555032375
1.62849807598
-0.109276707105
-0.671265189725
0.646522454356
-1.28423174091
0.771622512018
-0.857838566324
-0.877566836704
-0.405968103593
1.80318688276
2.40630924291
1.61460136479
-0.322405556842
-0.150205833766
0.753474331786
0.883999586157
0.906148772336
-1.55677159314
-1.42501886503
-0.753685019937
0.677217023243
0.651127480113
-0.26818890786
0.650811833514
0.550548140679
1.02910411506
0.46362478981
-0.182124586405
0.703152554774
-0.861946554464
-1.3940734124
0.624300299819
0.181245964229
-1.87120047328
0.338161984659
-1.3539868298
-1.61915112637
-1.49794179935
-0.000758268582971
-0.702740961046
0.582450072834
-0.124895227614
-0.372119683383
-0.153539718479
-0.491516292938
-1.99403990475
-0.259346314982
0.626877087198
0.58377175503
-0.609582865738
1.01321410693
-1.38905945899
-0.979566949565
0.269973412542
1.0184896765
-0.0395834430172
-0.780303976366
1.8890509527
-0.909615252169
0.231585756788
0.0127910998544
1.19201947381
1.64599160702
1.54499286336
0.318844935185
-0.906203507778
-1.8191418291
-1.18996186149
-1.14668576367
-1.13743730962
1.20406368367
0.73574120505
-1.95419640884
-2.51987915542
-0.853685623207
-0.877059264676
-2.4365719199
-0.801686222231
-0.853200185712
-0.586110457403
-1.04365100193
0.259045213042
0.357340916512
-0.0759557816879
-0.177577586716
-0.0480158721005
-0.319712593016
0.324492138516
0.192189503431
2.38061957653
-0.442509527219
1.2651652939
1.59262172101
1.39879770046
0.390255536891
0.50324124903
-0.3550285183
0.0641012184137
0.863027745463
-0.694267745806
-0.452937255815
0.732480351301
-0.129110065551
0.871710385092
-0.210306276296
1.06310241836
-0.717511975385
-0.479939685132
0.286735459676
0.255253188913
-0.309207572851
-0.106628163823
-1.47847952899
-0.0229359130299
-0.566163454969
1.12951944093
-0.105624797863
0.215277204275
-2.0665917394
-1.20195873402
-0.3246465972
0.234697387177
-0.0455606488728
-0.081188827352
-0.313577387847
0.729738090803
1.25734076327
0.167605803775
1.25328926668
-1.48666151241
-0.590242962786
-1.22639613479
-0.258531624803
0.560099372261
-0.680221124419
0.841684610435
0.808778725949
-1.29326594297
-1.28711540403
-0.0915519661768
-0.120544472646
-1.41493193655
-0.786639254131
-0.492293678412
1.43333135853
-1.28310589526
-0.520490100557
-0.030136570207
-0.725688592376
-0.608389719656
0.461539917398
-0.0368838694757
-1.36376308497
-1.20876982667
-0.986375203703
-0.0100088141743
0.569315655146
2.23324873141
0.46330209042
-0.244148304132
-0.894346523326
-0.178821654974
-0.163082751482
1.17841400607
-0.532288465337
-1.38096770161
-2.58199035196
-2.08595900238
-1.55142861213
-2.23192733244
0.435838410528
0.579699127109
-0.936890238514
-1.62554214407
-1.67485212407
-1.99521159156
-1.50775442343
-1.4319368935
0.477489271518
1.33952114904
0.411416925026
0.293765312234
1.43296750559
1.38676246472
-0.291905090753
-0.595103064675
-0.573638189562
-0.552723319541
0.677923988125
2.03495288046
0.754943862355
1.00770826642
0.950311140761
-1.39843583008
-0.402779662376
-0.0840694921111
0.398705973751
0.252126076965
0.123885635385
-0.367599224089
0.0722769066187
1.74596381521
-0.537033008411
-0.499926145707
0.0665085706035
-1.20400629624
-0.340593438659
0.00896484366954
-0.836839410426
-0.451592776363
0.0869471546903
-0.731679745515
-1.42346551064
-0.929303187715
-0.138189044776
-1.10655519201
0.360160949535
0.661537603248
-0.860027898194
0.53720399004
-0.0848695409894
1.77919703569
0.319911255405
0.152153371854
-1.17385215045
-0.0297391111852
1.40858801955
1.26071148305
1.75065790086
-0.890165428526
0.46608981706
-0.359294477588
-1.03289300705
0.161736081018
-1.50263884292
0.803052312251
0.930376663545
-0.464448722498
-0.987961412798
-0.27365486153
-1.05268282422
-1.01902458749
-1.3570508786
-0.275632437284
0.958024353419
-1.08761052582
-0.124652572259
0.175060429113
0.0663726636663
0.552078863627
-0.937428238078
-1.0026645893
-0.340373961589
-0.271599482543
0.973353159539
0.650421870697
0.868813730036
1.73911723287
0.818571049612
1.92181402318
0.695001063491
0.969429422693
0.191878029683
0.961463310823
-1.38530495754
-0.674863822165
-0.170089074332
-1.3489203611
-1.1981615229
-1.2538790268
-0.0805196909666
-1.00349338894
-1.61706058928
-0.672236538627
-0.531913022907
-2.04302255522
-0.982517706252
-0.142075493174
-0.132313277798
-0.197257940884
-0.0154834217409
-0.195566665226
1.26321402285
0.919751968825
-0.368587013704
-0.242324565686
-0.960858302812
-0.161712035603
-0.0698831388873
1.74611643011
0.0989859148146
-0.543451747735
0.176382173813
-1.27659788944
-1.00854661131
-0.282534099507
0.205721287669
0.845338800599
2.42457715091
1.61326754874
1.92176561825
2.58694494167
1.44208365741
-0.283142440429
0.131267170777
1.81669984036
-0.105947729274
0.73699103695
1.37560129057
1.56009803371
1.76308470939
1.48098231609
1.19419914724
-0.820246931774
-0.499033906283
-0.859113336642
0.965231278861
0.669865620185
0.00677136788929
-0.419091755274
-0.450756959808
0.328084696823
1.22371347532
-0.450237435369
1.41201367792
0.640938533909
2.24887918573
3.20724886039
1.66486117197
-1.38413678655
-1.09352253058
-0.457096918114
0.345496096384
-0.589969312623
-0.973962888249
-1.13213171586
0.71416521252
-1.33173729062
-0.0667301843475
0.499461569491
-0.785893795877
-0.558726366944
-0.593094999332
-0.722329129583
0.443931841242
-0.854641451981
0.854654258751
0.108597476216
0.394242370292
0.708244106299
1.52043819525
1.3245047062
0.104755294563
0.388389907718
-1.20591599768
-1.5739824108
-0.557123743163
1.06649251371
1.56512616923
0.812526956517
-0.252933280602
0.0229082190843
-0.316530820291
-0.334115960303
-1.97510134421
-0.445809962637
2.00145843431
1.98517499189
1.23397884574
0.749122069973
-0.0391222809436
0.904777764999
-0.213931675589
0.440087552186
-0.994242959607
0.563045555624
-1.47427540432
-0.433722455315
-1.46964169347
-1.1171233564
-1.59358695171
-3.29260101549
-2.25894397783
1.2892085125
-0.171246039238
-3.0895195932
-1.43839709555
-0.436326779714
-0.0402279264807
-0.348551265252
-1.3848609316
-3.12501671874
-1.02796327911
-2.16833329984
-2.71091201588
-2.39040229916
-2.92807069836
0.404924832728
2.29445893278
2.15052812547
1.18135981208
0.177811611741
0.445639553781
1.16682393465
1.18481567003
1.0638118639
1.21827057808
1.69411914438
0.93796751789
1.44125200203
2.79736512577
2.7609717499
1.14887845781
0.358317269393
1.6715280737
0.598109126353
1.85303566071
0.255891268238
0.0505958546076
1.83604463371
2.0582760971
0.803621826329
0.887742787022
0.725465714176
-0.184688182914
0.772111448558
0.994287766574
2.30403132067
2.40192852573
0.51586945722
0.15388082083
1.32314793442
0.408295545524
-0.743208446283
-1.14419640964
-1.57486221699
-0.341584243835
0.204308572869
0.0636726091229
-1.16704795247
-0.672469823664
-0.662729711785
0.235700033186
-0.00934034070439
1.37748324721
-0.219717357775
0.828456689813
0.890175350547
-0.757468897413
-0.730854127862
0.398725518943
0.0313011951636
0.149507094484
0.762733209939
-0.386760952276
-0.41225387248
1.68020549704
0.0699717687755
-1.04970588358
-1.16096052338
-0.162482326575
-0.347343590023
0.228952779047
-0.610391672223
-1.14622755448
1.06335045682
2.14554982737
1.73102396713
0.655832319484
-0.394154539917
0.737117885239
-0.616378670319
1.63394443774
0.0221123115651
0.144684309252
0.20089020407
-0.827541021599
0.110367209081
-0.695468913365
-2.16754271569
-0.728501813829
-1.31364409966
-0.405405346264
0.0720271268512
1.77082171222
-0.537487937469
-1.26184631033
0.193673910924
0.303971937574
0.820079532152
-1.31663944979
-0.887846323127
0.557223525889
-0.819045999925
-2.00329737939
-1.2963766321
-0.69440498704
-0.0638915936374
1.10406610128
1.42952587165
-0.664710956856
-2.32344093352
-1.15498930544
0.902072391809
0.87353663991
0.715182913562
2.03561465929
1.83185447593
0.744536718505
1.05924424483
1.97929488178
0.155857438612
0.953274235313
0.953464808571
0.180259617588
-0.394283248883
-0.153612720038
-0.269811485993
-0.0809521551497
-0.896521666964
-0.452872394819
-0.310762726875
1.21537747644
2.47847766267
1.29263384916
1.33423173119
-0.163713625661
0.921086148294
-0.0729060775005
0.274373826693
1.00701179413
1.73672380982
1.90670720165
-0.791928498163
-0.433249154976
-0.47082330474
-0.96067314874
0.0826509323254
-0.153419012791
-0.513794731815
-0.88563835621
-0.936503804212
-0.00834861709003
0.229860339228
0.558031150867
0.224976765994
0.777785777633
-0.585209123745
-0.422791442148
0.243286584843
0.489817179284
2.15336219459
0.737526543648
1.61216684572
1.60665536669
0.566336851872
0.980527641947
2.2970457346
0.684647610857
-1.49806039215
0.238332273405
0.376486135355
2.15102450312
1.25683826921
0.0230228281584
0.417300499674
-0.874573974641
1.8918533536
-0.200782571689
-1.48119092671
-1.60330561202
-0.231395795717
-0.359376798264
0.71125388486
0.737761846576
0.607005540831
2.40021440188
0.119862215723
-0.210566502085
0.440628056875
0.611102310826
1.90454979016
1.24698556206
0.0498826298795
2.56815691714
1.34800257885
1.17620556441
0.328954412662
0.494409740047
0.115982566249
0.150094519909
1.1780989549
1.0393725038
-0.41673075568
0.648315763747
0.586406942972
0.149158820729
0.575008700298
-0.188303616072
0.107948873931
-1.87636214435
-0.786207197132
1.13247838912
1.54622380893
0.352035618954
0.681497022864
3.31531401042
1.65404386682
1.43859001406
0.249009486622
0.691318002118
1.908038822
0.725017962607
0.615611365295
0.605764195368
2.37973153208
0.0072096043909
1.00950205388
0.0834858428608
0.458630910952
0.924381910649
0.465388388305
-0.0157926976119
-0.0782881120957
1.13755349762
-0.0931689663825
-1.25308122791
0.524366358825
0.075238051456
0.942492040771
1.9418887667
-0.0772755833484
0.877294971986
0.55505508932
-1.19156576712
-2.06274649624
-0.186555781953
-1.24447726196
-0.683284457595
-0.200802696099
0.0836844107207
-0.477942268805
-0.628531274514
0.193887739465
2.68950096149
-0.403791394062
1.06564813775
0.122744031922
1.36991927799
0.835846918842
2.18744099078
2.67790341595
-0.965128103145
0.181580299322
2.08286537561
0.58690856561
-0.152968467145
0.910797001358
0.400760607534
-0.607344145331
-2.1894161486
-0.126493495974
3.17530479057
1.88034291757
-1.59751792064
1.12427046848
1.53721075027
0.513904452517
-2.5874260083
-1.44437230596
-0.662663004623
0.0429368220492
-1.81469928997
-2.6970487827
-0.738374643434
0.251035039796
1.61414334333
-0.573660284979
-2.38100626424
-3.26234981881
-1.30231199576
3.32307167328
1.65491610258
0.565289350539
-0.780145334013
1.09581451546
0.0315046108063
0.980499462157
-0.0936876808243
1.70053078237
1.01620337471
2.55891102724
0.441084165869
-0.542758499485
0.0765455097973
-0.80205773257
-1.06250948437
0.818219237797
0.515695779655
1.92351787101
0.279517955247
-1.07078515091
1.77663364388
0.886469789462
1.53966575765
2.37524203403
2.17135266171
1.59302424356
0.550904468939
1.53854886636
2.75744561987
2.51019730925
1.05014437406
2.74879181653
1.8945297115
2.24450844358
2.96563892004
3.33900807607
-0.250563159625
1.71656173796
2.77113042865
-1.08067238605
0.158836201302
-0.135244603757
-0.158620713692
2.06038963185
0.557720638654
2.51742610585
0.826861142428
2.2707598355
0.92118401014
0.0134213762517
0.455508983019
0.918388705113
-0.57929267231
-2.25615028624
-0.550685040905
-1.33088790635
-1.56367058613
0.429741669828
0.265112388196
-0.839717518981
-0.957060449417
-0.315338666263
2.31183209941
-0.0719740055267
-0.286078841022
1.26574410349
1.1771070596
-1.85252223026
-0.992422454054
0.0516507163101
-1.84391328996
0.214866202776
-0.646287906793
-3.98210323008
0.760234661226
-0.88180857488
-0.272035248465
-0.373029901623
-1.43050397556
-0.235621724439
0.00620886547706
-0.0538181666186
1.49577940134
-0.647143464019
-1.33275232455
-0.289855852222
-2.09960409798
-1.7661996775
-3.96392457145
-1.86776192408
0.692653327289
0.77455364078
-0.229345456224
-1.77699573544
0.163873528574
-2.76207740243
-3.24483440926
-2.77357395749
-2.47150186986
1.52851751943
1.20832910958
-3.57171323515
3.49565765932
-1.55336661466
1.92212976921
-2.43805231563
0.493752497158
1.34641919426
1.17182714952
-2.32906475441
0.819840337673
-0.679699429696
-1.68863951726
2.38772021918
2.23321421781
-3.4271463261
0.689898117588
0.826715838259
-1.88229191877
-1.5675456587
2.3660013025
0.331080695616
1.26264828245
3.64858560913
3.78588249471
3.31664340808
-1.24631634988
2.07630426642
-0.914004056246
-0.131800437716
2.05969260905
4.80876460336
0.855703219488
-0.31680997212
2.74554691149
-0.736773585463
1.25778500328
1.40904774323
3.66266631104
1.34282835691
-0.0980801529666
-1.71693927213
2.94254922755
0.271837543669
0.669851988332
-0.138218766564
1.05613723266
0.672506778945
-1.71088950507
-1.32509250897
-1.44166951
-0.371636306182
1.0079669269
-0.628045198853
-0.475649321394
0.534053447523
-1.14970893231
-1.23033697617
1.76855831211
-0.635899060866
-1.43278083528
0.877375175767
0.537143047678
0.560987513032
-0.166190600667
-0.571615560214
1.00223382399
-0.959081608359
1.16157663231
-1.36905099643
-1.25670531088
-0.22127737085
-0.978953780448
-2.81096824025
-1.25975224289
0.303396441811
0.737489823128
1.28582387699
-0.258988792147
-1.17100122526
-0.160331619839
-2.29102664499
0.0665697580515
-1.7536956108
-0.841924053678
2.10595031735
-2.27357999853
-2.6944486585
-1.90490020638
-1.59844644481
-0.904214168875
-0.246788417273
-4.31482684854
-4.09137165881
-0.807444254672
-0.965098327372
-0.968150144389
-2.51215882325
-2.64217696697
0.714590147677
0.727094533412
-4.2609347726
-2.00053411205
-1.61338158674
-2.40676366225
1.12840181839
-2.14746627676
1.82366323111
0.477975735583
1.07773916981
3.11599854825
1.16717656888
1.48441668003
1.00075256835
4.24686406659
0.906735895958
-2.45660292251
-3.31170878826
0.462180214489
2.47190628719
1.24909132297
2.69320776088
4.4292694394
2.3207693822
-0.963586105687
0.233231528449
-2.3507222677
0.145850302405
-0.799327678815
-1.65538745523
-0.305298719235
1.03275863409
-1.5947875915
0.0732757740681
-0.211863655515
0.443406345323
1.41040575999
-1.65744813042
-0.418255801584
1.69174462099
-0.432877653407
0.836107131976
2.68760678401
-0.904611379884
0.366960640154
2.13652231741
0.876178391683
-0.767364352834
0.488650878982
1.00394200616
1.3623451205
-0.38878281884
1.1996435585
0.00883305282432
-0.743297612045
-0.887635852968
-1.92093346601
-2.54193618424
-0.0408447776281
-1.67983726052
-1.6506314006
0.113228363559
2.04662155572
-0.115483386046
0.290857336201
-0.953655515838
-0.361263142543
