-0.152072959352
0.56598083548
-0.924540763788
0.373650551679
0.474602748394
2.48064428612
2.69218904114
0.458313861136
1.22395132857
0.0362446586786
-0.752157345542
1.71232473044
-0.509808523566
1.29231805363
0.0560403035904
1.98351501954
1.97036228687
-0.846761417725
0.597311359664
-0.538375073256
-0.351969854488
0.19377901417
-2.8625599222
-0.866353840162
0.0369610108342
-0.87880837965
-1.86232895468
-0.803620946916
0.040299971075
-0.457128322518
-1.6515165584
-1.01670885531
0.0557019516227
0.693498314991
0.185815087835
-0.177387867185
0.494377351083
-0.99039370823
0.114869719942
1.28614691461
-0.218348355381
0.581949969584
2.84301938528
2.12305291329
1.5987271194
1.44279407935
2.94010642866
3.63973518494
-0.207240087736
-0.0294742719703
1.30778262561
1.12160037808
0.668778574177
-1.36071131332
-1.82836422657
-0.224882352341
-0.838665371916
-0.754943457624
-1.33437557479
-1.355522864
0.683869684804
-0.530848764156
-0.206336909929
1.64514405503
-1.75898577014
-3.62714884838
-3.29974027868
-2.13968840027
-1.26764362682
-1.33461687397
-1.42355086205
-1.05705691557
-2.42089110667
-0.579805148519
-1.90965505065
-1.04934493072
-0.846428984206
0.682530136062
-0.277188381641
-2.01949732649
0.731234826719
0.472177620915
-0.331556204168
-0.669292798638
-1.41788101806
0.722046174328
-1.08492865439
-0.227390061229
-0.935649896969
-0.72613667666
0.734289746854
-0.0538566006593
-0.795993263023
1.11202612996
-0.31635736574
-0.608294442464
-1.29957080125
0.771822633181
1.93369810996
0.974962439097
-1.91526291997
-0.037976180515
-0.383051948121
-0.318575424421
-0.721123581578
0.458567683599
-0.525202100551
-1.26248226049
-0.552021334776
-0.225704833619
-1.15627182266
1.00500064171
0.279631670653
-1.0402189537
-0.678730786507
1.47682274742
1.71060026467
0.50867212576
-0.32571666526
0.086944371269
-0.690394848761
-0.758065571331
-2.07158529852
0.995187837407
0.565153410551
0.565549048984
0.256703443206
0.125558948046
1.52926089961
0.450029590382
-0.656676781587
-0.997956179434
0.0109776986403
0.582273563166
1.18689150561
0.716781669854
1.0158915971
-0.253708930149
-0.0915287898085
2.38724475876
-0.696061917771
-0.0208855349648
0.99286331208
0.884351570291
-0.144867940022
-0.157566939578
0.961413784405
-0.365956054846
-0.367819806805
-2.36497417899
-0.390779940191
-0.21465810618
-1.51738685298
-1.0852004855
-0.991894025961
1.24859326727
-0.503459088299
-0.409859294582
-0.535923106869
-0.810363717298
-0.546975708867
-0.955145746009
-1.14860300955
0.882536600033
-0.847897898126
-1.44253772414
0.579853635965
-1.31405450903
-0.15703033078
-0.175308771718
0.742424373941
-0.536201862672
-1.39531428404
0.460667592267
-1.06551157246
0.428911221592
-0.194371218342
0.507165968264
-0.576170477323
0.960977951792
0.791656883511
0.94806584465
1.46328423026
0.132361015391
0.63707208459
0.308258613522
0.542219638713
-0.0758148664081
-1.00210832811
-1.10484855009
1.14706490637
-0.41979936037
0.258631981903
0.0956952533032
0.834636754022
0.397430736671
-1.13199991615
0.850664412612
0.181418214842
-0.517720534117
-2.07432276376
-0.436736016423
-0.5246136668
-0.17895993861
-1.60288535599
0.234140600746
0.570605251296
-0.733818357532
0.848902528956
-0.715336077888
0.114302343564
0.803273387007
-0.0429773309206
0.0652835092688
-0.121309159398
-0.1718969381
1.36999713357
-1.38743260774
0.345289978422
-0.330611003206
1.3404403084
0.435977386226
-2.02961214328
0.16156261353
-2.09950586527
-0.572434159969
-0.742447936258
-0.170740171619
0.190762819928
1.24100243513
0.345464124358
-0.644936040626
-2.68909111758
-2.50314939074
-1.12657466327
-0.0406867454236
0.136906228465
-0.709963897156
-0.486066480993
0.222303673735
-2.67873306307
-1.39525598532
-0.0830192290389
-2.2682393164
-1.19301041554
0.0226718350387
1.0252300109
-0.234596128789
-0.0766540529904
-1.73008792534
-0.967395452434
-1.06790726943
-1.85399947679
0.471014239365
1.00686647229
-0.153633956337
-0.237059908038
-0.450910956891
0.291148853213
-2.04339946681
0.0997077449394
-0.686696766287
-0.272007264162
-0.635010133542
-2.66531569155
-1.2349610546
0.959467992977
0.166546376623
-2.12630122052
-0.533882646504
-0.180008395723
-0.450798316376
0.585840466484
1.02637244685
-0.912777251806
1.03096930801
-0.0634853286022
-0.311471038187
-0.943507703164
-0.194127466491
-1.99517321622
0.295699693295
0.625556988587
1.01879017101
0.931758233927
0.318575635935
0.376441535982
-1.45187459626
-0.130482039479
-0.106281368196
1.11775117832
-0.862594994603
0.116687269092
0.028841586817
1.01262417728
0.243318100174
-0.530206258012
1.32814775334
1.26403019791
-0.676419015156
-2.15925330851
-0.322892865342
-0.24561347859
-0.726530720586
0.534625184033
1.04535025889
0.581585145189
-1.30193811597
1.8871457062
-0.284358615174
1.81648532979
1.25051360166
-0.887620730118
-1.76173083224
-0.997609725986
0.317867302422
-0.26733746722
-1.78318081008
-0.705214136338
-1.21652709057
-0.310536279623
-0.331251744488
-1.1387901704
-1.35377588477
-1.57409234607
0.525151773693
0.886668618131
-0.311837827982
0.704229237924
1.06350824834
-0.0726311839682
0.225121524831
0.499956518307
-0.5295028815
-0.370172949787
0.381393974078
0.377814574206
0.357540878866
-0.517027517125
0.0632997881322
-2.29033798179
-0.18332439034
0.0267064031942
-1.83610105295
-1.75139963374
0.142481846093
-0.924810090008
0.443600834152
0.926641416587
1.72290437157
1.77095029713
0.978240698285
0.65564689316
0.474981374342
0.573384353341
-0.286208445123
-0.893022171335
1.12142789282
2.16769097716
0.622626951081
1.73396811711
2.93346521693
1.0377131232
0.962477954638
0.407109080043
0.757081727828
1.08793762455
-1.06998695083
-1.44826846278
-1.22498169419
-1.03037969555
-1.21227963063
1.24720867691
0.204445405179
-0.910534553299
1.50043658238
0.86321669054
0.900132068851
2.93464314339
1.83367271975
-0.503220451563
0.38481177866
1.43134827042
1.83975157423
1.51040723582
0.616668544037
-0.927419849042
-0.0223102075601
0.0647882385613
-1.15378853701
0.362369192022
-0.532146230555
-1.73463532467
0.840507482461
-0.615918416799
-0.958602138801
-0.954927413494
1.7859935384
1.60314456533
0.197066780218
1.94244259833
0.913522185825
1.07763169602
1.21626975643
2.31275842875
0.89708184755
0.224219116198
-0.180516317898
0.848193379819
0.224579216037
1.67136379422
0.666872798474
-1.50500496042
-0.800399263786
-1.07520289598
0.569526305927
1.27541654292
-0.582319606001
1.12432284911
-0.188737556521
0.814123011506
-0.509277007003
-0.798111094588
-0.955243152591
1.35762374095
0.637168886371
0.791659007222
-1.25048789499
0.384018055629
-0.763095663413
-0.643920403924
-1.91746767773
1.11731921056
-0.49150022934
0.0434444648146
1.33540223857
-1.43611545943
-1.15219969454
0.124785165794
-0.660469056488
-1.32014907054
0.290350719557
-0.0269764443896
0.371782006271
-2.24968765732
-1.89876679503
-1.35750553464
-1.24090096808
1.0223866578
-0.35797700761
0.759635720314
-0.340647817169
-0.244259370098
-0.406645237727
-0.409370750516
-0.133012097935
2.20578375953
1.35689553841
2.29942044144
0.377778905055
1.91969093433
2.2600076902
3.09147276406
2.74618911079
-0.250609767528
0.476116108756
0.76356772377
-1.26041666542
-0.419301060273
0.823467043916
0.297639930166
0.210777308553
0.304874679815
-0.224109017973
0.409265873533
-0.433920865586
0.191069853351
1.43508441319
0.947246815716
2.95620665477
-0.407022453699
0.261207870786
1.42614596201
1.2025432305
1.21825047594
-1.14210345401
0.608562708111
-0.0800868028977
-0.635677564979
-1.39032760457
0.294726067879
0.818792441193
-0.00590311883561
0.97996604933
1.21721906543
-0.19390319961
0.701813621482
1.3779915276
0.941054079102
1.42600907462
1.43086611307
1.40393900812
-1.38143624949
0.494391262055
0.998073574133
0.835934177847
1.09782411693
-0.526033378787
1.69598601639
0.510234991358
0.824444676635
0.988252183548
0.163788332155
-0.793997044073
0.906030198138
0.425492884234
3.03779754748
1.42134864712
0.972771269095
1.35942046512
3.0020354725
1.73428633643
1.37862346379
0.419454349571
1.74339678613
2.45063922323
1.2348293885
0.904754515259
1.59102334161
1.11542267702
0.21559447216
0.250496194334
-0.976118175815
0.895138373593
0.617525011294
1.35668103244
1.60510753167
2.26606271589
1.34941257254
1.31947142331
-0.595593677811
0.386085512791
2.31533947588
0.526536913129
-0.27204704516
0.394081987043
0.86109007203
-1.01222593861
2.40051953479
3.04313430189
1.68099191969
2.37839500056
3.34253817636
1.54069507422
2.62044994054
2.5965093237
4.01869385312
1.7181125783
2.45248573264
2.71149154563
2.15676958984
3.22808154715
3.92590176201
5.19542002377
-0.176067538959
-0.673636198059
-0.377282759809
0.0712759318482
-0.383309508394
2.3015464072
2.94303242966
2.68395227149
-0.300782022005
0.25679480107
-0.133087162248
1.22896243663
2.56955560195
2.17643739393
2.38136853153
2.22762002762
0.188473490673
0.188976343934
1.4264181631
0.832958000924
0.771284375591
0.411011926764
0.0249866152255
0.112125090419
0.0605987046115
-0.313536504868
-0.357600600634
0.74668472096
0.389655255738
1.57644557217
1.57910400582
0.585347392069
1.17766358902
0.636661899198
1.07258247971
0.179151779392
-0.721481589328
0.480552236414
0.687181449142
1.18624546569
0.474180122995
1.19537610182
0.287737463132
-1.68037553401
1.28750539233
0.808813997832
1.34354221564
0.74948479433
0.10696836625
-0.115603256754
1.40032282366
3.23869049843
3.29025020745
1.68331794177
2.66214800184
1.28403046701
0.0485432006347
0.889249224721
-0.813202744229
-1.59752079421
0.923648821479
3.03874811767
-0.0932362527852
-0.502508488477
-0.963040392844
-0.240503171715
-1.06371115537
0.131654788056
0.39562381934
-0.690147241958
0.247912559902
1.06474613937
2.5937649575
1.70822336137
1.67049735561
0.526075336718
0.710386564382
-0.630670134855
2.708115941
0.239406106594
1.15813416284
0.786425822309
0.246711532905
0.561780110684
0.550980893063
1.16421235566
1.62488068247
0.149100211811
1.56570934019
0.883999472738
1.43697591143
0.848055741832
0.982349392772
0.374042963394
-0.00626110421275
1.85024949091
1.62498679597
0.92943236593
2.08686229307
2.334768959
0.873757435247
-1.07663106205
-0.306281516256
-0.222111720192
0.0904878382627
0.835178570063
2.19606351783
0.924941091913
1.12186108619
1.69292980822
0.436315670369
2.03383398353
1.89559139686
2.9979714194
2.51603873405
1.02519247047
0.305423061329
-0.0470709112821
0.819114012373
1.3020625988
1.89253001994
1.26453346563
-0.475311299193
0.672270384186
-0.0647949320405
-0.394293624768
-0.435973581881
0.896836112193
-0.159425686443
0.0883146006075
0.369826147305
0.621221479955
-0.137420390081
1.20740147648
1.02446520747
0.292212220877
-0.543329114002
0.990549770946
0.754776044547
0.693163905803
-0.0105118827849
-0.0572429170869
0.386012634787
-1.10445022604
0.812470521658
-0.208369604078
0.101648100814
1.99294723813
-0.631422933856
0.425106826094
0.167394452342
1.00063531202
0.0419711467792
0.693607032283
2.15010232611
1.31819367741
0.0764475645299
1.26048078777
-0.907268767135
0.877879899045
1.533838598
2.58416798329
0.779325739381
-0.00862864867063
-2.17178199582
1.61317534929
0.0615574269441
0.627290852553
1.37831574955
1.43266440506
1.26523617507
0.597021376722
-0.0770027529708
1.12307584484
1.07824675355
-0.160791561735
-1.31605498807
-0.813634935272
-1.07211866848
0.251686602857
0.919709608402
-3.69066028864
-3.20633583649
-3.83854505354
-2.9800612025
-1.96055783987
0.145659283261
-1.11547824487
-1.82576107037
-0.564559881698
0.381782472126
-2.02173692946
-1.18229409274
-1.48459238748
1.05739789998
1.66184266486
0.442163739259
0.115201287985
0.194006405561
1.72200576803
-0.0388546405337
-0.362032922848
0.32364719205
1.05263458072
-1.72642473177
-3.2346876297
0.156326633538
-1.94687435061
-1.44852737426
0.981393536813
0.584139445497
0.0821843782888
0.109285922674
-0.24711660579
0.507896991328
-2.14611273764
-0.983138770159
-0.552989689418
-0.895591812852
1.83186837737
1.72681428077
0.492415190271
-0.739294373702
-0.832942468829
-0.655066399108
-1.28588098825
-0.546081929471
-0.378744170945
-1.00180004697
-0.763572564349
1.22014380672
-0.375693996111
0.443218414636
0.94242048372
1.11153209639
-0.292416226486
-0.259339093065
0.791417135931
-1.54537131537
-0.212831198711
-1.57825922525
2.29870641599
1.19539795802
-1.95261266037
-0.656727437244
-0.788473246908
2.43990675501
-1.2516495906
0.106532440956
-1.71396975289
-0.520019171148
1.86436399265
-0.692328749689
-1.85662049997
-2.26504420867
-2.81707318954
-2.21578581349
-5.50755717638
-4.43199692189
-1.56377080657
-1.24713893708
-0.0181305032654
0.326590603825
-0.398178215782
-0.925092501577
-0.949698333457
0.397228320905
0.456641988412
0.923155232883
0.850921335831
-1.007690078
0.830974969593
3.30913422026
-0.259690047599
0.715191524429
-0.403463358649
3.65547624425
2.95002314486
-0.306478048162
-0.132120560574
-4.59579384415
-4.27788620311
0.448801018224
4.71183247727
-4.07197698154
-1.09480460755
-4.39498292612
-4.24376234519
-0.366508190268
-6.09727734913
-2.30702227691
-3.79875459643
-4.11289163217
-0.0957779679719
-1.96204588989
-2.67569550402
-0.48177916622
-4.20416150997
-1.43167226772
-2.30102370697
0.782349052619
-1.06616512221
3.27448851278
-0.629293728639
0.723152529073
-3.47986899611
-0.634741535523
-0.290163941767
0.363819346337
-3.07942167205
-2.9213561639
-3.67076927744
2.76171512567
1.56779855667
-0.746617239995
-0.785609892919
-2.64480070979
-0.193537923618
1.85756340085
2.32320847581
-0.677126797858
-2.13415399642
1.27669926745
1.07759075478
-0.652923130137
-1.26169266653
-0.475684050559
-0.12875337013
1.52926632594
-0.23524549518
-0.622327310347
-0.913550756491
0.972913636388
1.36922849166
0.532515395811
0.527090883946
-1.69735840776
-0.738362816139
0.175240470711
-1.10438966605
-0.373359389737
2.66064349078
1.19294453847
-0.532214526338
2.47250101922
-0.630622861005
1.63789177112
-1.31778801254
-1.55822050417
-2.82660417055
-0.607864477281
1.97900625458
0.965044769012
-2.19371146075
0.538052509491
-1.99689710135
-0.511146912136
2.17399556407
-1.49979127649
-2.92811290068
0.136772796928
-3.97750539926
0.666867983589
0.292307971388
-2.28504129358
-1.38057676612
-1.80943289414
1.04057745654
3.50905280471
-0.049546598105
-2.59829138587
-1.99635977954
-0.121087463584
0.994233853675
-1.82887083249
-4.49339507685
0.332584617979
1.40282809503
0.343377748846
1.36683855542
1.83405115018
1.22548160477
-1.61378052441
-3.97394277306
0.958274893412
-0.502322027282
-0.0572646584403
-0.480021696342
-0.216421219123
-1.43986741368
-2.92996309116
4.63454878028
-6.6491360216
-1.42246402395
0.0645156243456
-1.36787202244
-2.14167893484
-4.02473588104
0.332587112235
-2.79068948244
2.09726007906
-1.35306594221
1.04935462945
-3.3573612456
-2.02978246288
1.81721334448
-3.91592085424
-1.07625165663
-1.8006310286
-2.04926913431
0.157275183204
0.454947993398
-2.11173277208
0.0498700656102
-1.71789090911
-3.02817456651
-1.25910831595
-1.18042070986
0.982690507147
2.65504291066
-1.33712271302
-1.68729203326
-0.171449195839
-0.838040072848
0.328586199042
-0.315826131207
1.48489567836
0.704862689889
1.6928693143
0.707086062206
0.338105866486
-2.32864449056
-2.55716860129
-0.0947420224653
0.80086164392
-0.453747206144
