1.53865084713
1.77276958029
2.33091074911
3.16810540972
2.14489396948
-1.99362921856
-0.864353920398
-1.12100476506
-1.20853074388
1.64292776894
1.43959788863
1.20323799078
3.0696753179
2.8677590131
2.27358670328
2.14563841018
0.275166463824
-0.316288290035
0.983095528484
0.180346078191
-0.150997747383
-0.0847333146414
-0.729619401886
-0.277186750032
-0.618358884199
-0.296551647201
0.132124820508
1.08661781929
-1.06021736057
0.633669563304
1.68647116933
0.338643236715
0.762301565324
0.834194940614
1.89342835541
2.3073587719
0.206945068326
0.834762428402
1.25032559106
-0.449072121576
4.90028335616
3.10519658961
1.4560135718
3.21088993518
3.93788626601
1.28902905644
1.22086939977
3.24774575417
-2.15353884092
0.0310565769858
-1.32005768391
0.464162213197
-0.234008618495
-1.13755787989
-0.890714407914
0.524373863838
-3.54782963809
-0.0339142840906
0.615892795377
-1.56086893851
-2.37468848576
-0.666944122222
-1.72531597947
-3.50847757928
-1.3782355498
-2.45784820726
-1.08332658798
1.41565374121
-1.18557047239
-0.697628275231
-1.69067192697
-1.08421868508
-0.646416746399
-1.28526236491
-1.92986882757
-1.16108754727
-0.973659912368
-0.860487122905
-3.42967858251
-2.52259181128
1.16030274326
0.776530454286
-0.0564740472921
-0.409753360458
-1.36772218755
-0.0527203410738
0.260751935716
-0.155626668396
-2.28538555946
-0.205156804531
-0.185818167577
-0.876898084218
-1.11063061591
0.0475963788564
0.156596695385
1.49386942713
-0.875046636156
-0.622362922712
-0.00683562329306
-1.29546516851
-0.33086526944
1.17277298599
1.51422563675
1.28723992355
0.681459349112
-2.68391507894
-1.33223197965
-2.67363716762
-1.01433463528
0.497406059371
0.286002931291
0.650550394009
2.46613502985
0.545945208865
-0.487355495269
1.13129288669
-0.823814595307
1.16473211055
-0.283950157318
-0.943327479323
-0.996754150077
0.463671271052
-1.09037733062
-1.7215297456
-0.335280451661
-0.476844732906
-1.44601142674
0.441484258014
-2.10993743918
-1.56639920799
-1.1742084603
0.630582925243
-1.06734115847
-1.49084434488
-0.916884218249
-1.0948024393
-0.468792069883
0.150808099484
-0.363355458682
-0.760885949445
2.27745415718
2.53718133415
1.57167809777
2.65647726025
1.99589191996
0.236895859691
-0.129733826514
-0.213765697
-0.60083647635
1.14438099294
-1.12332582235
0.672080265071
0.586463943501
-0.91065543882
-0.854893998483
-1.55256092311
-1.9470678666
-0.798610699467
1.21477926934
-0.106312604498
-0.687218806472
-0.00718939941372
-1.15516844127
-0.886955806651
-1.50126927095
-3.03316569391
-1.3567056523
0.35751674258
-0.619960050284
-0.998168721894
-2.18365391437
-0.471811004295
0.0647110202095
-1.42663090345
-0.595283535932
-1.3464681198
-1.06537686806
0.074535696048
-1.24656199016
-2.70492217178
0.376063661398
-0.205367296669
-2.87950228842
-1.65694698366
-1.71377763591
-1.0259312352
-0.297528955126
0.372133606642
0.397082585329
-0.103991472786
0.554480089273
1.06623024766
-0.957906801356
1.31159768099
1.93261812076
1.67109673658
-0.185785303351
0.0230678620057
-0.942696864175
0.786250695376
-1.94145575982
0.657045197512
0.555099599221
0.334450208958
-0.222696316231
-1.56089835014
-0.81665943196
-2.59988407788
-2.4233998526
-1.27793786207
-0.000479085625988
1.45582216552
0.341181101095
0.25608884192
-1.95287990511
-0.478758606242
-1.56880367964
-2.36263380483
-1.78083881025
-0.529861029924
-1.19607077186
1.19924491945
0.480693040089
0.528969688353
-0.857932756453
-0.308815411891
-0.221643516583
-0.251620660433
0.251708371829
-0.733942063042
-0.319685507482
0.287332644854
-1.84455324642
-1.21503575249
-0.177676897391
-0.416473412906
-0.36487970979
-0.438580644703
-0.551322976735
0.919896542592
-1.65438293522
0.157263577978
0.0866504522712
0.100351185089
1.11812618007
-1.36364029747
-1.72653094249
-1.14794741699
-1.1890156471
-0.074542087022
-1.74338686167
0.260083886941
0.607963733348
-2.21066726914
-0.697490581658
1.11560663219
1.21508780418
-1.0242970582
-0.698816054177
-1.64843070085
-0.780959058588
0.785027174292
-2.34368072891
-2.30216829886
-1.46470316687
-1.8175382598
-1.56798665646
-0.11963296672
0.059409238333
-1.64085658133
-0.92261111629
1.42465830611
-0.396594709282
-0.319480893706
-2.01699189604
-1.96887873739
-2.98746752976
-1.2014039146
-0.469969743233
-2.25331408342
-1.06601462557
-0.668472590939
-1.520408975
-2.47586468472
-0.446212799764
-0.177004800863
0.204204003879
0.317352073598
0.180600933635
0.838532465157
1.5660946198
0.497123067522
-0.381403527954
-0.0815253655315
0.0621875242602
0.0860969623438
-0.0939976555795
-0.522351943822
-1.25313683707
-0.371959559926
-1.32552661973
-0.464198698286
-0.577674780813
0.860755991634
-0.0939949731014
-1.16308112358
-1.21208851676
-1.81776956991
-0.505495543548
-1.05407585636
-0.467776986797
0.310532264023
1.89086596723
0.837967639205
-1.72280696993
0.0846064538999
-1.62771965018
-0.271292088396
-0.684110537252
-0.566415843352
-1.74355206636
0.776107670386
1.95853363104
0.409158910117
-0.951285011318
0.983566397346
1.01756950478
0.0654285550199
0.00274670570178
-0.407261068033
0.989611341413
0.742711748506
-0.774118125398
-1.47010793539
-1.31028024398
0.0162714253935
1.47633020982
0.542333099637
-0.244210600953
0.550795203549
0.348487643493
-0.321167908186
-0.101393213097
-0.0628816922486
-0.630661663057
-2.91837263094
-0.835340301099
-0.308890056388
-1.84740900338
-1.87045142707
-2.60455341093
-1.70061448684
0.424936471346
-0.00160286036329
0.488062794053
1.78789520618
2.35623505068
0.740845032629
-0.632744111401
-1.72219646892
-0.173107603962
-0.691684490223
-1.71336728087
-2.67388515896
-0.97615793936
-0.375698468308
0.491109767285
0.697853040007
0.188960331843
-0.373294660719
-1.34742961343
-1.49880084397
0.588559286908
-0.188402590142
0.444454955816
-2.70369921732
-2.24727487502
-0.820104928575
-0.892000445284
-3.10911156701
0.336408625713
-0.716912425096
-1.78460054592
-3.57637307103
-0.710503881878
-1.57061415113
-0.118531566399
-0.381847736982
0.0974525435911
-0.433252058971
0.225027646112
-1.23841094487
-1.6349242169
0.485058155176
0.275727109528
-1.06459105111
-1.30057758473
-0.405374962446
-0.968582075587
-1.01385347632
-0.720818053524
2.28096023542
-0.569586589079
1.36905792382
-0.567544983924
-1.6015856165
-1.27168489685
-2.3667084433
-0.801030555028
-0.676024151912
-1.16226944141
0.490320437902
1.7233382784
-0.329157398782
-0.173614778778
-2.06474253721
-1.48446705551
-1.47231004409
0.0630671008417
-0.786111056933
-1.01890451214
0.233295653563
1.52098815348
3.55055054402
0.0865985550535
1.14088173967
0.629875127592
-1.05703986952
-2.51073137071
-0.315352081809
2.23015812581
-0.55907652722
0.884791815821
0.520927152691
-0.135874388381
-0.731043946441
2.6741836557
1.40754073941
0.833605022781
0.414743711643
2.0835817275
1.38379117114
0.527007004167
1.40463724226
0.912600470465
0.311451927892
-1.68529345544
-0.926444087985
0.521371968399
0.102212759888
-0.302218998419
-1.17854582748
-0.507252393073
-1.56701037351
-0.143561876795
-1.9790965856
-1.12570103284
-1.45798149144
0.417264416856
-0.397562788124
0.501617212113
-0.914657319249
-2.30613617478
-0.288429950072
1.27333516625
0.474865324917
0.600160311363
3.47909176484
1.0756768914
0.299717176354
-0.250021194798
0.7675863772
-0.25818406904
0.705081626925
1.39258890102
-1.82926614344
-2.18573937342
-0.565068708809
-0.398777759303
-1.98237549475
0.913496017008
-0.0385795269173
-2.92839120989
-1.2934534374
-1.91636095129
-1.20747336775
-0.950341914545
-0.616486286148
-0.843081599274
-0.458297071585
-0.142487042725
-0.437260702117
-0.204818845714
1.18516065521
0.985819961324
0.58006359951
-2.40204284008
-0.181808450613
-2.27624881181
-0.578138390515
1.92928596409
1.65107143822
0.0885114257412
1.28727446296
-0.0496957235635
-1.63936043043
0.557010420615
-0.857645237533
-1.67791093541
-0.637368363421
-0.628348742618
-1.1018031965
1.41302967361
0.401609914486
-0.488295933622
-1.13201125752
-0.63980729657
-0.231678652549
1.63170929142
1.08042081429
-1.45362166934
-1.39358025538
-0.399140158637
1.35879862818
0.617401092969
1.12029520603
0.772359161607
-2.55948778068
-2.60427987802
-0.684147954747
0.0360199944774
-0.599335363663
0.823042236603
-0.564492392335
-1.85687217934
-2.28354857966
1.19285965842
1.53242930798
0.669074700906
-1.05912358445
0.467296070653
-0.560744634095
-0.983117270431
-0.154667288797
0.345671352279
-0.955094508006
-2.38413272057
-2.318135714
-2.78027649854
-2.22085505065
-1.53073620044
-1.41534387318
-2.24459846882
-2.12772895135
-2.85207173211
-4.09893273733
-2.97688040508
-1.38901918405
-1.95177087256
-2.54352560358
-1.92235639208
-1.79511544137
-3.75228058245
-0.11426707102
-0.0682438796943
-0.615581990978
-0.0236860354052
1.41688614158
-0.723448660337
-1.7765787607
-0.530741908964
-2.05589170109
0.334333746667
-0.117416036381
0.111139976141
-1.83723117607
-0.803544457232
-2.83772146079
-2.84407866361
-3.34234311748
-0.366743119186
-1.32137658006
-1.35591311363
-0.502820587168
-0.31203378779
-1.00111712887
0.120909419794
-1.57343223118
-0.290571753338
0.470530962939
0.501555621226
-0.14789026533
0.154230195917
0.867256509844
0.21460072115
-0.666023035274
-0.780767319449
-1.17867868464
-0.467028785648
-0.776651246886
-0.834662289203
-1.2404924133
-0.197478530636
1.7494470508
1.70176726569
-0.241780667916
0.91697775293
0.349583251663
-2.78331099222
-0.804371145039
-0.70533493263
-1.51099710198
-0.113272582858
0.264057214472
-1.97482301626
-1.78259666614
-0.430305556447
0.417371699113
1.5848174384
1.09671895697
-1.19804048927
-0.580543513626
0.55525482325
1.04106456219
0.935717690144
0.655814183955
0.893551493126
-1.96585220518
-2.18797526159
-1.41133605042
0.53554449803
-2.79415802969
2.38783360693
2.13993902036
-0.985076125254
0.528999881522
1.87842490317
2.5746620835
0.522699117938
0.403958958989
1.22786075162
-0.096003001849
-1.76675538396
-1.28387528003
0.303588769236
-2.13457459817
-3.50071250191
-2.58710682602
-3.05849498126
-2.63957885125
-0.704682607366
-1.17230286047
-0.432523123078
-1.27701179624
-1.22793791087
-2.33083919466
-2.39892249891
-0.62616666735
-1.16570533767
0.995798792774
-1.24822667003
-2.37413034218
-2.32895026682
0.829249776167
0.374716472211
-1.4772816833
-1.61970131085
1.370548067
0.439965424105
0.1129317647
-1.79896559367
-1.62734204382
-0.776637838222
-0.389709195418
0.127823224418
1.17776611368
-2.04589447733
-2.16921683452
-2.19553462301
-1.68138477245
0.467370153906
-0.247629187469
-0.476904714447
-0.873832635382
-2.41199924611
-0.9147314868
0.376897397082
-0.424746082757
-0.307539481394
1.03754430721
0.620449185652
-0.115186672044
0.402104938517
-0.0739190758556
-0.245654789438
-1.13575094121
-0.463030734384
-0.162737554415
-1.72924486685
-0.30634258231
-2.60749661505
0.322493427077
-0.382215557793
1.47796169897
0.713716499833
0.568610101736
-0.645428360215
-1.70818921884
-1.64701312257
-0.950446789384
1.23417844159
-0.0400925644165
0.756953725363
0.393930976854
-1.48315042848
-1.65767551162
0.157239774457
0.367613220191
0.316562810435
1.39642584243
0.596553301159
1.60016095375
-0.0695136143619
-0.58788318776
0.188496651604
1.18676153523
0.346869374609
-1.6421901842
-1.22734056111
0.0641507991934
0.0273357573656
-2.85416000599
5.16046033199
3.68647147564
2.60347992623
2.74011008021
2.40925509284
1.46882795483
1.40037028505
1.86296155212
4.00770927087
1.49035361984
-0.567979540081
-0.760930168763
0.627278354568
2.22456879667
-0.530206310689
1.88701001954
-1.48763735876
-0.918433454888
0.260204401559
-1.09840340018
-0.793461752177
0.975152362259
2.00414149539
2.66515303674
1.97522152642
-0.36779374651
0.138083484653
-1.16119049525
-1.35625830145
-0.395117723354
-0.743818508665
1.14633255656
1.76053530948
-0.378070443541
-0.0838926058306
1.40377402122
1.66490099167
0.294893620267
0.767097245254
-2.05473206068
-2.04756563954
-0.679996649701
0.383813819005
1.89469221736
0.595775060963
0.353467896882
-1.17300223839
0.118640177532
0.358298840195
2.12850537309
0.561742142275
-1.74792287627
-3.77135258073
-1.80644298109
-0.304623787695
0.677258721193
0.384860716668
-0.930414040525
1.23108968414
0.676867349443
0.454519415506
1.38169483684
1.12983871429
-0.00795308312682
-0.210095199572
-0.177974447082
-0.543594102846
-0.282508570706
-1.56163244552
-0.174847142375
0.791711592337
2.31813713872
0.845116920796
-1.49800847402
-2.65379572947
0.669031246008
-0.456310056816
-1.31924485398
-0.0613553546224
1.79472723592
0.898751346503
0.90110287294
0.252621167205
-1.29850817877
2.54494983552
-1.72858004633
1.70398720311
2.27576256715
1.82167394984
0.355002018027
-1.12570678095
-1.46450221425
-1.20841955203
-1.19593741988
0.31543897914
0.20949668946
-1.41333981634
-3.76665127727
-2.57309696466
-3.31798812232
7.11579922176
3.49693329213
0.82710099555
4.68895432494
1.1686963835
2.1478588731
-2.58291662251
2.50293121767
3.92563875737
0.249492366923
-2.27422211648
1.42407290576
4.5562554886
3.45784418253
0.106684879072
0.648947737736
4.9197994513
-1.99844700849
2.8843611555
1.45606780564
4.73428364402
5.4888914195
3.58620519225
5.59060979964
-0.310697894341
3.55437594738
0.865858252678
-0.148924589262
-0.424462821706
1.69997177254
1.26795915914
-0.764383319296
1.74052015386
-1.34574555655
0.617848857445
3.69571805753
-0.0499948380415
0.100194954786
-0.405328451768
-1.42909023375
-2.80566955776
1.84162648333
0.200192290186
-1.34829354846
-1.00636576974
-0.188397779574
-3.72610820413
-1.40442313742
1.24039642312
-0.276953609908
-3.75035984909
-1.76586847681
0.915774010989
0.312533602596
-1.41057127313
-1.18010418557
-0.0971461599236
-0.746384113476
0.156814616131
0.0495749957118
-0.617884547078
0.504971092705
0.257267293127
0.312874025125
-0.0232931470158
-1.16303329
-0.755931426598
-1.75685487602
-1.72767302327
1.09421645179
0.413329343571
3.68574383646
1.36824544471
-1.76976406931
-0.257443194836
0.583954137605
-3.09610402853
-0.408157250535
0.224915957348
1.88265304391
0.600178788432
-0.992267225333
0.270403345904
-0.611221924078
0.300840363649
-0.613650403896
-0.538457855473
-0.988251420375
1.00777136384
4.49426990271
3.123053713
1.92726330925
0.721207821845
3.55240392114
1.76673018172
2.23116601452
-1.4071426018
-2.8535093136
-0.294285782626
-1.41498325482
-4.61481852962
-3.09235187842
0.442286600692
1.79317496972
0.901646932938
5.73757378857
0.0694934202038
-1.99636435661
0.135379757235
-0.418269664565
-3.77203395423
-1.31301343587
-0.0550889931788
-2.89953483155
-2.76885662602
0.320401584183
-0.701698503527
-0.909199838783
3.26036303283
-1.51322591176
-0.0404809779889
-1.73906685595
-5.09106737005
-2.33591791158
-1.51585964347
-0.939309126697
-0.638746208478
-0.127110537013
-0.787613732281
1.06133682002
2.09268238977
2.72284257645
-2.2523090954
1.1688965262
3.16420287024
3.75247747231
0.0793051169646
-0.71633518131
-1.21995876209
-2.71334366244
0.777398115532
-1.60603765576
-0.283704657896
-1.34027496242
-0.156474922758
1.82732482984
-0.389938468941
1.64432132792
-1.71226223496
-1.54841104977
-2.039362367
-5.05894127397
-1.50809307936
-0.775799432322
0.186905177041
-1.47546823265
-1.39689832592
-1.07938383976
-0.642911388337
-1.1802171436
-0.754276539442
-1.07319418406
-1.66425708985
-1.19804432011
-0.762266423681
0.906874884749
0.854045818117
-0.695959554686
