1.75062982707
1.62239199309
1.38172980131
1.25215364282
-0.452848620111
-1.83008820203
-2.12757088369
1.58884667151
-0.205430694858
-0.80757196136
-0.156720299573
0.512630387279
1.18923641357
0.249785760872
0.994809744738
1.29024482137
-4.68158248714
-3.99096843929
-1.90243576746
-1.81546667878
-0.298995924099
0.837776094821
-0.624079889093
-0.15702802476
-1.21894995875
-0.503174221524
-0.768855472327
-1.64042230925
-0.640841656914
0.12644802159
1.03033768365
2.78708148829
-1.86428674614
-2.27789802355
-0.825890058195
-0.146686500336
-1.53492101738
0.326680450058
0.00872417406539
-0.784462625147
1.98738271122
2.00166350195
0.500033061059
2.49179230223
1.70842188003
-1.27748100279
-2.11855265651
-1.24701820746
-1.49278786494
-0.985947744099
0.314714973375
1.13226621312
0.633843890693
-0.448928459514
1.36764249224
0.0365672226328
-1.82046337151
0.206649023275
2.20752132413
0.322544911021
0.0779451779374
-2.04185117666
-1.53365159006
-0.184707851762
-0.131106045929
-1.28840629337
-1.08187262816
0.760435625903
1.32759814065
0.311327885463
-1.74500694591
0.42447234708
-0.403020918117
-1.23943789277
-0.296360658853
-0.51446264058
-2.80285800264
-0.445691854728
-1.76000069024
-2.55363602844
-0.00389351110369
0.0874186345569
-0.886038169175
-0.82638211178
-0.132006308707
-1.25272502829
0.572792992859
-0.331447677664
-2.24319220074
0.212819797338
-0.346624146815
-0.213080742963
-0.0747517411617
-0.62973225581
-0.738267541392
0.43984493085
-0.156853108027
1.23649604428
0.0515759203778
0.40471412651
0.276686914163
0.789415001126
-1.11638825136
-1.08122408327
-1.72947456269
-2.15455811405
-1.27483226129
-0.167449216449
0.172387751513
-2.58320885472
0.57209883724
-0.0316816773637
0.392537489744
1.35215255246
0.429242927671
2.96104376765
0.151301907264
-0.711476375476
-0.269299144008
-0.704357426156
0.456008514869
0.339015500365
-1.55449413651
-1.41395312258
-1.01804700818
-1.58800827313
-0.385748968834
-0.723080164992
-1.21170461717
-1.22889268906
-0.883424209707
-0.983951996936
0.663251230609
-0.135867037486
0.614862309482
0.00343482509596
0.0106971896231
0.937572177935
0.72346821186
1.39340527954
-0.152468271243
1.21813838766
1.04076568641
1.89734710904
3.11669002539
0.410934279447
-2.34073448709
-1.24618480024
-0.32097552412
1.60690945192
0.100069523289
-1.12074720623
-0.888180544256
-1.79622778009
0.0431220380762
-1.2552067026
-0.920424523362
0.67108381215
0.478361523606
-1.38371354979
-0.683841392451
-1.43536768062
-1.02315029961
-2.77661806585
0.349856134667
-0.801596626446
1.08863471456
0.333799342263
0.119580790893
-0.606139429854
-2.93937786896
-1.12164022234
-0.266682848314
-0.950380561991
-0.690648701715
-0.64568625504
-1.62665666802
-0.897102941687
-2.07746861261
-1.73303019794
0.54689110633
-0.493352651139
-0.648092698618
-1.22629117774
-0.805405281119
-1.96957562783
1.24360843079
-0.16245133619
-0.349024386816
-0.453692715174
0.616983431062
0.154624989158
-0.827577749654
0.52635919212
0.97789689915
-1.62076339343
-1.29128098734
-0.193399197367
0.163621004738
0.449249648649
-0.486280612547
0.293100302832
-1.35859722355
1.05191000315
0.0560968899154
-1.20544493197
-1.33219012306
1.06614199368
-0.876680430561
-0.17893342285
-0.759757541678
1.43022141576
1.56505261938
2.11414852219
1.72767622679
1.27708212215
-0.852465927469
-0.846876399327
-0.585150114532
-1.18724978646
-1.17851975291
0.893025627241
0.28604420245
0.00954862654968
-1.77602792222
0.213920816171
1.83421857446
1.85695749992
-1.15239023504
-0.830653643411
0.398045541005
-1.34659201303
1.65263198833
1.15424706429
1.16402291753
0.159184779618
-1.16967149947
-0.392724225117
-0.183373285371
1.24046143856
-0.21938743315
-0.618194476376
-0.883041308171
0.843666244656
1.99450900651
-0.0787921663596
-0.379511128535
-1.03863135465
-0.0601787499808
0.438914775036
-1.90439665112
-0.753157721662
-0.169778375404
-0.761578407127
0.974800671321
-0.860305809815
0.636962945126
-0.264768146512
-0.69371678051
-2.4622478631
-1.4321277456
-0.651450560491
-1.87381256577
-3.3723139069
-0.225004086109
1.90305422944
1.95896880105
2.34542683133
0.26750175751
-1.1175839016
-1.58170876827
0.696980839617
1.52542931262
1.15844975123
-1.01275936128
-0.875126103484
0.26994350428
0.796788760978
-0.632304331159
-0.604949213075
-0.132889426
0.10592893671
-1.20432803912
-1.37066200869
0.653071678687
-1.31768967425
-0.234647532399
1.24425362784
0.647875396641
0.250060308587
-0.527194044018
-0.242622882455
-0.626217773586
-0.0516157152072
1.01300659102
-2.5332148596
-2.44438510937
0.0550602682811
-0.817853153335
-1.14965502545
-0.909646707176
-2.26715668644
-1.29671563435
-1.07874094564
-0.551212725433
-0.753031671436
-1.37475184955
1.31512144988
-0.772002058883
-1.61324726184
0.726565913953
0.157124525796
-0.440968415239
-0.60856250484
0.950520321787
-0.468251318765
-2.86554620227
-0.870282580287
-1.46256883564
-1.85056682101
-1.11978251196
1.96608537216
0.134561509145
1.53465316832
-1.54777896416
-0.644166202604
0.304321351786
0.553187171091
-2.03547356078
-0.948007567518
-2.3117590966
-0.536927015661
1.60397058813
2.12711479949
0.97635267778
-0.264720890783
-0.549613382751
-0.376002840738
-0.13852032543
-0.15677059858
-0.495750514859
0.0477298077184
-1.72196525618
0.276769213007
0.447400397334
-1.01188740472
-0.559074600196
-1.47133313075
0.284685510831
1.05238676182
-0.415476558874
-0.655335098475
-0.153299570057
-0.0170867692638
-0.859740435029
1.42414936019
2.00324736238
0.353443749766
-0.239736999501
-1.38529291326
0.791255995955
0.628968057425
-2.41055572683
-2.12141072852
0.383769468586
1.23286947501
-0.0149088277245
0.904192881907
0.0856040568211
0.114575930685
0.353655093778
1.92940324569
2.30974030357
2.77838825365
0.910456469813
0.408037433664
0.951903320791
2.05862635462
1.14254883424
0.54342652269
-0.723831888273
0.582774083987
-0.269867426128
-0.425203582178
-0.648765693788
-0.729546968892
-0.579848811292
-0.660817391864
-0.654457470591
-0.763713476242
-1.12302934163
-2.04877751744
-1.09188235586
-1.67188113176
-0.355772700232
-1.65720162392
-0.18759186262
0.904268960711
0.287244601854
-1.07372488929
-0.695197781889
-0.62914363687
0.33395535234
1.75628175341
1.16983395039
-1.59881068598
-1.2921525216
-0.441539536581
-0.82692324933
-0.980711167366
0.518243417421
-0.657281946449
-1.86079185342
-0.353067747694
-0.675243551311
-0.78051967217
-1.43918749036
0.362497880814
2.32124229288
1.06418582392
0.439128226493
1.40034164992
0.822159869338
0.421787708915
-0.965900025578
-0.379501519835
-0.725914575851
-1.42210647272
-0.429930728605
-1.33653803566
-2.41412734869
-1.91644280005
-2.22195651002
-1.23417563721
0.328407249022
0.352829231387
1.02150878574
0.146842927754
-1.64269027354
-3.58312836846
-0.0961087286162
-1.10553816398
-0.835465567646
-0.484155225973
-0.599578473891
-2.50762893467
-1.54634320676
-0.292622095761
1.12475904125
0.956442440956
0.9084429437
1.2542973917
2.02638144039
-0.113233211791
1.24837770062
1.0993069685
1.53799886241
1.77941721004
0.754102972649
0.720518041565
1.90483773311
0.92107991856
0.124004052115
-0.190443367777
-2.08891760438
-1.01842599436
-1.59444633228
-2.70323112986
-2.41240993014
-1.79943800839
-0.887049230619
1.19859157564
-0.256944008517
-0.949137785446
-0.863123521078
-0.815638283263
0.60776122324
0.926447012354
0.260159467308
0.0573562961061
0.0574498029293
0.125036407797
-0.342573631369
-0.365005893566
-0.11861241179
-0.455063048756
0.291043481942
-0.994460509408
0.391180207206
0.392228197075
-0.835595735272
-1.58362928404
-0.546997508269
-0.478553004418
-0.50540373858
0.145772030092
-1.30989302356
-1.29308130433
-1.58512631714
-0.371415415834
1.10094406669
1.3327371128
2.49131083575
0.814078846865
-0.289185021322
-1.24905718993
-1.43267485559
0.0199616457373
-0.646874705961
-2.27531107108
-0.0619794122325
0.563936686888
-0.98720262579
-0.291510798444
-0.489722935995
-1.28977421524
-0.368719580151
-0.110583011887
0.827895873984
0.670741792937
2.73957583421
3.8911635855
1.19034079265
-0.438987213211
0.193402249815
0.727481210621
1.60506280699
2.09488739566
1.44463175399
1.67644365334
1.275077196
0.822670864043
0.286442390042
-0.163246757718
1.59629101946
2.6456771894
1.34021768008
0.13243179179
-1.03106416357
-3.18616150473
0.603619812233
0.406895847972
0.00086744002276
1.42710033399
0.143651975959
0.448286024476
-0.94446988029
-0.572932617685
-1.16469186566
0.556162337595
-1.46177811989
-0.743106658917
0.260997315597
0.0966019875265
-0.23837526767
-2.43851955412
-0.489972101762
0.728001020755
1.70800204736
1.29093097634
-0.907272494558
-0.392308714908
-0.961929595061
-0.377704777624
-0.000416107948299
-0.407017700789
0.339467024344
-0.257124994922
1.40884374386
-0.0499549413109
2.39202112693
1.38887001036
0.292512124355
0.449359619988
0.980361253721
-0.71000287683
1.42350229506
-0.898789004092
0.0778555862486
-0.020370456732
0.419794195749
0.392968198217
0.635352676295
0.779408358268
0.150521923218
-0.3950730372
0.578794875569
-0.290122717558
0.763565328027
1.31602622723
0.0943851036287
0.611293474071
-0.457215041024
-0.449680777594
0.140741385453
0.507392298181
-1.79550812295
-0.560204033103
-1.0280300835
0.407989585388
-0.0692484294141
-0.777611146167
0.52455783016
-0.628308473673
-1.01713670507
-1.34299000677
-0.911624582339
-0.870565362545
1.96776871439
0.589422043323
0.108274389633
-0.485921957746
-0.449194784932
-0.458535987281
0.886906809691
1.83234312963
-0.00353047489198
-1.15038529104
1.42246053001
0.465079688261
0.82820846463
0.940858736121
0.824171302924
-2.05464899031
0.791181799475
-0.897572842331
0.0747291326484
2.74902907069
1.31809322966
1.40863937295
-0.727186136558
1.50928122144
1.58017915025
-0.375305726021
-0.251208107462
-0.206923906286
0.848179031736
1.09443742128
0.939152005706
0.270680059589
0.468168713764
-0.908225236648
0.365570147864
2.00364121854
0.17101002344
0.0480010162977
-0.690877710415
2.30981227411
-2.27361312706
-0.82215684272
-2.46797656871
-1.37504361193
-0.950226041992
-0.268053899974
1.30967696564
-1.39260852938
-3.21702261918
-0.789153259695
-0.0770630686764
1.00864550725
-0.432240676634
-0.115188705239
-1.81755943666
-2.00098551219
0.352539521334
1.49980682454
2.04144585879
0.917332958149
1.71958783584
1.18816509006
0.650753793751
1.72501621459
2.36284585723
1.88734282396
1.67014943723
1.55386633008
0.804498332453
-0.175522942722
0.384883270993
-1.21110170514
0.832568769873
1.27218369559
-0.154689066854
1.40457763632
-0.731438618332
-1.72101166679
-0.199318481857
1.7230237663
-0.282867950419
1.05218707113
0.508504350778
0.494870600398
-1.42556948225
0.529548462713
1.1281661138
0.150553565671
-2.10550088361
-0.431458516204
-1.08928570242
-0.290513176837
-0.304782676437
-0.139371511375
1.48353346129
-0.850660335953
-0.660042600245
0.465526981867
-0.504640130497
-0.111551797351
1.4041258793
-1.75203340644
-1.11513340178
-2.10264608005
-1.31432787475
1.01145830103
1.60228057294
-0.202965605774
-1.25266786834
0.1747355468
2.6222463049
1.46121339262
0.194861138526
2.5223961412
0.462466807867
-1.34676970238
-2.42335804851
-2.41791842052
-0.42842482136
0.9076235419
-1.54802480314
-2.44080389973
-1.34391001863
2.9618574109
0.958727082948
-1.44541753612
-2.88439574389
-2.21011478687
3.03329729276
3.24171860418
3.63112813399
1.05267030938
2.09935079959
2.49143635423
2.22229583072
0.450637432248
-0.79930289616
2.73364776067
2.8898907805
3.39223717802
-0.988683391118
-0.93327165109
-0.287699812367
0.163152867623
2.10796490054
4.3602206852
3.42723505058
-0.328147222431
-1.78575144886
0.991345649177
3.35973751709
1.48759272601
1.32531550464
2.39107739495
0.176038623857
-2.17563502542
0.386180872135
-0.266964679211
1.76772970154
1.88204567316
1.15061367787
1.76986492454
-0.681046820792
-0.822413700974
-0.810232898213
0.455600247507
-0.388887576637
-0.0111862017513
-0.671179556277
0.8319966486
1.4754802569
0.70248729023
-0.255508548129
0.448679147972
0.979535694877
-0.26232578893
-1.60784254864
-2.43416714049
-0.794513081773
1.30089671181
-0.299836983981
-0.378529279266
-0.585010253652
-1.3846442117
-1.851723236
-0.086377357739
1.33392269734
-1.00469786016
-1.96170346249
-1.89195229588
-1.05800886393
-1.0782550788
-0.49785156293
-0.035410958811
-0.334657055444
1.33683420989
-3.07576635458
-3.61078248369
-3.32539370464
-1.36741808795
1.31929685565
-0.584436611977
0.963082280282
-1.68404753518
1.18219956119
-2.6496364915
-0.22174446713
3.65047200316
0.963688239278
-2.71711121703
-3.49897119771
0.559115899167
-2.16000032034
0.631593984821
0.933701853395
0.97701602288
0.176289831175
-1.54609707833
-2.69598963363
0.794993753859
-3.04135354698
-1.92104190547
-4.94083734408
2.48674452598
0.88394606455
0.784448508053
-3.11576793809
1.04232333768
1.4382708793
3.2290630044
-3.08041721599
-1.96354312583
-0.103499402819
1.13870870508
-3.48809381522
0.514987630151
-1.87420233144
2.60989752606
2.77818757362
1.22027939002
-2.99951307564
-0.0585356895604
1.3245199712
-0.11717441232
2.80600020327
1.43742236191
1.80083982904
1.21371163033
-1.11579127595
2.24528440464
-0.890567630558
1.88860152641
4.0637008902
-0.0210554635555
4.76397183227
3.13877550456
1.49517710608
-2.22702486453
-2.64221521889
2.63194099368
-2.62872176895
2.92507233539
0.25248348877
-1.78267965811
-0.45404313905
1.71024661807
1.88791420616
-3.02849601307
-2.87842594233
-2.07431629956
1.07097124435
-1.78904644632
-0.251672711268
-1.57893062598
-1.09782392329
-1.83138277224
-1.1372421619
-2.08700848933
-0.550738736354
0.934381070328
-0.217382477828
-1.3429954172
-1.03740725874
-2.63440989711
-0.549875438571
-1.58234658564
0.392775040939
1.71823603394
-1.53370539625
-0.739953871718
-1.50788562703
-0.940512319035
-0.0640552558368
-0.265909561012
0.436387196722
0.37780736268
-2.41427225487
-0.821071625677
-0.982286957602
2.91359002529
1.61310816963
-0.524756266401
1.68990314132
0.0853671312712
0.318693119016
-0.882115676363
1.56434224694
3.71494961642
-1.39903563781
0.437296911568
0.578849893465
0.65111880424
1.58399267338
3.50418492635
0.974435230771
0.647155009915
-1.64333988079
2.39857089193
-1.12219524553
-0.586240976942
-1.80003919606
-3.60467490267
-2.79725328679
0.723760997975
-3.22790646845
1.08988877169
-3.60990284107
-2.97360028958
1.11808775195
-0.474384326199
2.0209367891
0.496041744791
-3.54927903866
0.0361379679941
-3.38447481389
-1.67192847994
-3.76001260579
-0.69424355252
0.203824431096
0.556487838237
-0.0434362700904
2.47931122791
-0.105093939768
-1.04288221631
0.362901238459
-1.26929759609
1.39643114885
2.89201870029
3.40134873676
1.18996208997
3.77988246444
4.05641569429
3.16012657876
-1.1431417084
0.0505356958562
2.5998135536
-0.110920163773
-1.81446572372
-1.03922001415
-0.682614058226
-1.40229544475
2.81046094652
-0.521063059441
0.0244246553601
-0.29411643289
-3.51264217247
-0.962558461191
-1.11817049664
-0.93107874949
-1.18037472641
0.0216353588352
-1.80923959865
-0.418367822462
-2.0499154718
-2.03017724208
-2.64986242775
-0.352133284562
-1.95038422532
-0.534312024344
-2.37514433187
0.074457549334
0.155080105655
1.11251083797
-0.754090372743
-0.507224843188
-0.503435787729
0.699069161875
-0.592738703143
-0.413120048698
0.233521621465
-1.89820094801
-0.749375626582
