-1.13988896247
1.22044723864
-0.872936481242
-2.38910707044
-1.13234330983
-1.23324454232
-2.36190217767
-2.0461439735
0.823979976143
0.0411243660035
0.601906451857
0.517191968934
2.82170222325
2.18308425997
0.593843027064
1.64560274137
0.662641256241
-2.02117368639
0.928404850605
0.591606418327
0.284465519834
-1.82561352148
-0.908996109142
-0.0541271715006
2.55344556814
0.853484121546
1.92998221373
0.309219841662
-0.855789335837
2.0716852953
1.89064762955
2.66853481416
-2.19790995437
-2.38276307655
-1.0415497052
-1.57710934602
0.525838267455
-0.201093642954
-0.603639661824
-1.22699726875
-0.168445136638
-2.65323083327
-1.55320358622
-1.06771004306
0.589321090767
-0.368437667538
-0.182762018013
0.850671798641
-2.00764972026
-2.33822546391
-3.39904610526
-3.62712597399
-3.39834848838
-2.67791164872
-2.173236519
-3.73286087956
-4.66588605884
-1.46432046708
-2.07125353671
-3.25387699903
-3.09870481544
-2.37701392448
-1.45232502981
-0.473954575601
-1.43063053205
-1.07482392177
-1.467280776
0.520146915694
-0.351034353582
-1.83756849436
-3.17708337572
-1.81232254402
-0.945484697396
-0.879230139999
-0.338344937639
-0.879006753105
-2.50170133728
-2.69023752907
-1.08821085373
-0.897361583158
-1.65289301265
-0.223465581294
0.191162118643
-0.949924856457
-1.46695344515
-0.750054524287
-0.014637991822
-0.499382052729
-0.236129542982
0.398284296842
0.37049757307
-0.829273951559
-0.777727307754
0.778235940956
1.44463204421
0.645534668944
1.47216652693
2.32874492918
0.535146644012
1.16011868618
-1.25854552508
1.07318242504
0.784934308019
-0.844751268545
-0.969266134438
-2.17801308825
0.818044509297
-1.93279619259
0.261260354907
-0.166976167301
0.692494916161
-0.686909225965
1.77619133969
1.6461531167
-1.11850012223
-2.06674400419
-1.7413973347
-3.29567817127
-1.84465805753
0.211006395715
-1.62406870143
-1.13854956758
-0.466288047519
-0.84495835289
-1.70078468205
-0.0235557141821
0.901606875782
-0.759011013218
-1.99147259403
-0.11388887185
1.27545671532
-0.488974833238
-1.45650957749
1.38694107785
0.867639299257
0.567895098587
1.16494408772
1.02723910905
1.35898164519
1.82884154142
1.10130358404
-1.68369316847
-0.0642927017963
-0.633466879844
-1.1969234845
-1.63315616567
-0.665885542634
0.104254376323
-3.39877932088
-2.10135991345
-1.21933138417
-1.8038245303
-1.76864061395
-1.21266690417
-2.42580964779
-2.01118032263
-1.39489706127
-1.56584581724
-0.0771460725286
-1.35242196369
-1.5382960954
-0.301018240267
-0.591380776271
-1.65785689767
-2.69144760773
-2.31554375627
-0.825322691012
-1.68967429162
-2.38488425847
-1.79503119576
-2.74065615381
-1.64415607778
-1.31597653598
-1.62232667721
-0.28210513503
-0.587962942701
0.984459002004
0.693861958851
0.529365772528
0.179089322073
-1.98870254647
-0.32492310937
0.456839647026
-1.39826770987
-0.789035170814
-0.480510526037
0.476144592669
-0.929147505155
-0.216549920118
-0.10864656001
0.593357598613
-0.702379631403
0.211907868624
-0.567148899344
0.786411164453
0.243380543758
-0.742080717716
1.54734635819
1.40186982392
0.271329723455
1.0692782922
0.978346657048
1.1785773303
-0.0507653969198
0.168533461062
-1.38728430245
0.119695909152
-1.08562529196
0.793372837892
1.45354731518
2.01640885317
-1.40645608762
0.592644961548
1.78148546572
-0.332070557654
-0.869577771655
0.556658782771
0.615493272349
0.096530542855
1.45159822268
1.02810214758
0.201517425736
-1.58976033623
-1.49039607729
-0.524087404741
-2.01841452943
-2.65803336702
-0.861274388922
0.77416438172
0.737565381172
1.02147165792
0.454586140205
0.123337500484
1.03932443317
1.80175397089
-0.507198071321
0.303392045417
1.13081342793
0.560133310225
3.15786582631
3.24841580981
1.38076823817
1.80531147574
0.984138549082
1.09212927376
-0.708599196787
-1.43334601193
0.981127298546
-0.98785356119
-1.07763067543
-0.254396356143
0.247336138475
-0.524239071746
-0.703558305533
-0.597623101771
-0.775681537005
-1.33402054528
-2.09429386966
-2.44485872821
-1.09134015791
0.900190650662
1.55806687143
-0.232681220805
-2.00815689776
-3.19476699883
-1.16877395557
-0.954665604067
-0.70944456749
-2.13944836963
-1.48763653963
-0.509899980121
0.787609589086
1.1580694048
0.0816950175394
1.2635916161
0.963858166212
1.48076605711
-1.03949668796
0.302722387115
-0.308001151292
-2.63796553427
-1.36946611075
-1.48470119544
-3.2198412581
-1.17355808038
-1.77435636588
0.432293178477
-2.13767535623
-0.902727126726
0.0499009589317
-0.724189022221
-0.105069561331
-1.24191580954
-0.63896529553
0.67006129952
0.228085689967
-1.05230451124
0.206506909874
0.0896398255857
-0.0999613458084
0.691122473392
2.06526969346
1.91796116442
-0.543232177464
1.05225365956
0.628619671511
0.419636162125
0.187591920761
0.531580541195
0.662971297425
2.33031722338
0.795890029463
-0.537677640785
0.406581392843
-0.597966575135
-0.922529721545
-1.11319377028
-0.656189238445
1.25943303394
2.66305982083
2.03158827148
-0.607160570513
-2.89616028679
-1.38262121071
0.334065993147
-1.74438392699
0.245647116524
-0.0141901523515
1.86583281263
0.0913084714269
0.589672559061
1.17891596285
-1.4002341181
-0.464022164829
1.82394193407
0.42221806989
0.0392857265026
-1.56004632942
-1.90143281377
0.779186349147
2.34931390767
-0.804106733202
-0.62681249249
-1.20205709976
-1.39012039212
-0.425324031402
0.294254469632
1.12077148277
1.42371482593
2.17062429758
1.1007398277
1.25710036883
2.78072044692
2.16925330726
0.125075872298
0.022003114961
0.579262088189
1.34551708478
0.185850030553
0.978877758295
1.87055839756
0.489689300096
0.146431228611
-0.170845207183
-0.777593551116
-0.450997308893
1.55849624529
0.089934112502
0.0888440734585
-0.0656071974576
-1.061512928
-0.346049091628
-0.457139874119
0.202123126477
1.53670043114
2.08297337126
-0.206056168443
-0.116539018215
0.263277714945
0.627500197098
-1.29521928208
-0.93079865255
-0.618930667679
-2.03980745378
-0.993845227052
-0.670037554196
-1.41581960681
-2.61242107401
-0.971722112027
-0.0686028129945
-0.282340949135
-0.876322456042
-2.01048326822
-0.0930633006846
-0.683566753897
-0.659118868224
-0.00617945307642
0.202467922322
0.196938355318
0.403354796287
-0.393024041053
0.974453566615
0.865413970302
-0.10736910293
1.74149619427
0.320545430723
1.24671996811
1.87464655582
0.976374493619
0.881186183956
1.27050833995
2.47891217724
0.169427945186
1.3361404483
0.195671998512
-1.32439838528
-1.53561739211
-0.483665067775
-0.448402609969
2.09797013274
2.06636210088
-0.718723360948
-1.476562825
0.541227973705
-0.439491845358
-1.16534190742
-1.09962504826
1.07684190235
0.654881698692
0.923178660349
-0.447587123972
1.86812961848
-1.91700279021
1.80787397607
2.77403473784
1.79462956255
-0.757847219338
-0.760583849508
-2.34569225702
-2.44613131857
-0.209657299374
-1.9701716478
-0.818188701243
-1.8745563689
-2.09576921979
-2.15360222031
-3.22798732742
-0.646390869195
1.1728642521
2.23520816148
1.94503012638
1.66661266988
0.740045712403
1.7256489665
0.0284590933441
0.307849271927
-1.26835996692
0.271328229053
1.66535309506
1.68575581921
3.16862777182
1.90663053133
1.93395449284
2.96495619141
-0.193500882001
0.618101811211
1.42894610639
2.29315626232
0.767569841109
-0.128599177087
1.21325655648
0.575704732699
-1.0816674575
-1.31480203962
-1.01472341109
1.87280467167
0.667694405716
-0.0407079686866
0.265524488843
0.508985651707
-2.17159992062
0.10490763064
-0.721409302361
-2.19915428868
-1.07768101845
-1.08848218276
-1.48802296775
-1.97493554348
-0.159575997983
0.407053960151
0.253479304058
-2.04599941434
-0.961561762722
0.302216635677
0.781503417731
-0.89606020339
-1.96164025567
0.110421983716
-0.925711319065
0.258523672306
-0.216475839603
-0.586555363829
-0.165131732113
-0.757558925328
0.656020317682
-0.190491654342
0.182556756877
-0.427822513531
-0.395632170895
0.900830296058
1.9364122901
4.53996964866
3.07565356535
1.87219656661
0.111421785008
0.937599933339
-1.05280288414
-0.885487053185
2.46494060734
3.26950904871
2.62822981931
-0.718489673347
-2.18836932174
0.933816815577
0.705662391955
0.964795526032
0.859157934882
1.3425812082
0.651778043668
2.32418523123
0.707256057668
2.05503121558
-1.71314542215
0.747378580561
1.16984375793
0.189345010964
1.95835818162
2.5991371904
0.434690949693
0.621247610888
0.410503840563
0.849783594305
0.0264501478104
0.830127539369
-0.869258626324
-1.24946670781
-0.375673984871
-1.03991368061
0.0508044034433
-0.74921276602
0.835349384827
-0.795629417013
-0.0600853043794
-0.2646324313
-0.313816111946
0.341251053724
-1.18646880561
0.290558048003
-1.14211669905
0.810527541484
0.749587267843
1.02851923554
0.337407576844
1.02758840384
-0.0588620229046
-0.444159130492
-1.0502249839
0.637969641724
-0.352985954696
-0.442145949006
0.826025142925
-0.746261457302
-0.10130460448
-0.854316933589
-1.56519439777
0.970757001765
1.72807336712
0.437409524276
0.702996402262
1.12398527471
-0.952524701335
0.893457482338
0.315279659155
-1.38586556169
-0.886004843743
-0.589149223196
-0.490037073716
-1.81992839731
-0.362213797236
0.266471742503
-0.966272131736
-1.69451098972
-1.56132158337
1.3004356863
0.187812524514
-0.0626732517134
-0.429810170292
-0.827900588236
0.129177273064
0.152933457843
-0.647516168074
0.693150164437
2.07933100437
-0.435436180372
1.93054380665
0.238492092374
1.80797250739
1.71408285869
-0.760685463198
-0.994557517157
1.41176945795
2.46690403496
2.21423637306
1.64315278992
3.48281058659
1.78389099432
1.68992872
1.22881168546
1.27638882572
1.35024870829
-1.17373416404
-3.00578951497
-2.92665890144
-0.625647098074
0.130337758117
0.727969955522
0.786574181575
-0.858417714861
-1.15925091588
-0.0919232144238
1.23968329938
1.584873718
-3.99082649028
0.0746504968962
0.327645571824
1.39180713856
1.48095896361
0.36706867719
-0.0974423378262
0.592521012633
-1.03902570519
-1.06633146255
-0.730350080208
0.62353365875
-1.21010330338
-0.125109995896
-1.40342465191
-0.979293234062
0.234641575114
-1.35111281048
-0.70294199783
-0.322711693672
-0.389406032283
1.84496772448
-0.163620740956
0.462012830666
-0.198645933306
-0.640330698303
-0.963184952857
0.100718208808
-1.29555522432
-1.46301954504
-1.08301116763
-1.9156414678
-0.151273698749
0.237820689181
1.12743868124
0.0242573741724
-1.70373010379
-0.842596126422
-0.162938778093
-1.49302064516
-0.220847642142
-0.60270921837
-1.12685528422
0.120386613851
-0.329080147464
-2.6066453653
-2.02109353818
-1.34597136805
-1.68687483292
2.5560423095
0.851274406858
-1.35710391367
-0.904731389649
-0.745078140768
-1.43733641825
-1.41241677946
-1.57644480258
-1.34986034527
-0.477608866231
-1.10861300096
-0.704074761531
0.519603248846
0.175911263398
0.944370925311
0.173911078365
0.373706773192
1.20809521465
0.173728541403
1.27194090291
1.16191350822
1.50366419624
1.42558023672
3.01104180416
0.780133998811
0.778824089652
1.65042286218
1.12290254715
-0.46777884753
2.19626988761
0.178617830274
-0.0391049860119
2.16608560644
0.768970838447
-1.57542529011
1.39471726889
1.26233306736
1.80804179605
2.05113500072
-0.264396045585
-1.59416883494
0.940058178605
0.411236050491
0.63211869419
0.876863497001
1.47811548087
1.73561980839
1.85591043112
1.67565234902
3.11535964756
3.88417366867
3.30176860156
5.04233276233
2.6139007925
2.86436753133
4.11913424225
2.54703421889
3.47087310149
4.66090336595
-0.774588939007
1.65773148562
1.62482027467
2.43967159285
1.00319959951
2.79714724528
2.38291056927
0.865418529871
1.39403562438
1.6931030071
1.02364432896
0.364280511292
0.602956974217
2.84187996984
1.68046265066
1.09372624651
3.48694639876
2.65452341248
0.636472340201
-0.218947339677
-1.33090750387
0.182571461218
1.56469114288
-0.94521733123
-0.0999821807419
1.79016163341
2.94355307908
3.35322500452
1.59982463088
-0.629097139148
-0.184272293321
1.80444336106
0.683875883871
1.7560025141
1.6378874579
1.39150951861
0.470734650649
-0.824979495751
0.504573023693
-1.23568964326
-1.16344291214
0.648165882207
1.48940807996
-0.560613856591
-1.49713597896
-2.11076014391
-1.6870906957
-3.81260239607
0.110889306623
0.147048714244
-0.843069213697
0.48414497571
-0.259578138414
-0.637525901556
-1.10974999873
-0.411953809787
-1.04125410447
-0.992333304524
-0.489896542359
-0.742896445703
1.16155433575
3.06776287687
3.79020646478
-1.32921819529
5.37051311637
0.929633140177
0.708876030401
3.77477294594
0.15828761557
-0.646416231184
-0.937521690422
2.43207500378
-0.801441101195
1.56445117061
-2.14919339028
-0.0037304018612
0.912524256759
1.7718916362
0.89238090445
2.07454598728
1.34210988946
-1.5648078563
-0.540191333672
-0.3645395623
3.92586609436
-0.505420279104
-0.272172082614
0.980513421082
-3.48087113219
-3.76594243202
-0.916880914019
-1.67661815288
3.04383859668
4.82753348605
2.81575238443
6.66195940305
0.927664349841
0.491013188381
2.52833599929
-1.56334808271
-0.568287009377
4.3210676877
1.99156044191
1.50712005176
1.72667314786
-6.20138478165
-2.37776353871
-2.24750330218
1.02240075012
4.51042507362
1.43328408702
-1.72073861227
1.89126420615
2.50155680784
-0.410721941489
3.41830338589
3.50652065233
2.27858055509
3.50678160289
-1.5804963673
1.30491407304
0.704502140421
-0.0625450289065
3.23105723134
2.45976256324
-1.00202468868
1.10678343615
4.87989108042
-1.4519938931
-0.727279046022
2.57486676513
-0.380792163663
-2.04652073823
0.765795549929
0.810395509964
2.2252072593
-1.95598852905
-1.33005408575
0.774297421502
1.95020192734
-3.26915928827
-2.89672317216
-3.06415760775
-4.71808243508
-0.656309432602
-1.5702404285
-0.625930390789
-2.23122701397
-0.948121898271
-2.03781091355
-1.11837742795
-1.81436078418
-2.38656239842
-1.22905960989
0.0546853445937
0.238720421465
-2.9415140878
-3.11870188026
-2.16108100958
-0.709494796704
-0.656833064732
0.483550895373
-0.545916712646
-1.71803316241
3.32706975722
-0.568213232195
-1.95579846351
-1.53158059359
-0.977775610111
-0.888452459058
1.52806792981
1.5926190989
2.74591224706
4.17797701848
-2.72767635452
-2.32121882008
0.217143315546
-0.824234925918
0.181463234309
-0.0927088262315
-0.173789617803
-2.33865545404
-1.99478929783
-2.02669640749
1.47877150592
-3.95228772351
-1.26836284706
-0.385258144663
-3.63031297418
-2.50490971787
-2.39872886102
-4.07615716176
-2.10886664502
-3.03828939413
0.307570342394
-0.126965999294
-2.31279925296
-0.758831416143
-2.748276734
0.732333275186
0.596027602463
1.61443412605
-3.70699092334
1.34458633836
2.0625991406
-0.662223255004
0.0205028229032
-1.36399994815
0.582463914634
-1.83882549074
-1.33977273202
1.3183425931
5.72018408241
-0.469832038969
-0.466833279574
2.2445991248
2.56142964172
-1.14918690359
-2.76156691094
-1.40520837896
0.469648958573
-0.499597126585
-3.32436968743
-1.8036765899
-0.0597194640362
-2.56330894027
1.42139390739
-0.565115851708
1.86547120562
2.99831199049
-3.01710221624
-4.78977089238
-0.000666412948107
-0.832339742159
-0.777619247207
0.709053908533
-1.68209234383
-0.686995056875
3.31028891652
0.419170250176
-0.25210853297
-0.85439653237
-1.25285841277
-3.16897223802
-1.96366639386
-3.16771288893
-0.94438900148
-0.884302636158
-0.451559732595
-0.981576912087
-1.61688581611
-2.73930993654
-1.95487048053
-1.87203643661
0.0858215075168
-1.18440582356
-1.808750689
1.25583444743
0.115881331102
-0.0106550227823
