-0.095310499119
-2.70899125287
-2.24764863107
-2.94428915044
0.0553348513793
-0.137146695274
-1.48120828744
-0.513853416139
-0.411860456186
-1.8709528685
-1.87496704345
-0.0670392096669
-0.399172897454
1.31168009723
1.23641978016
0.449313353772
-1.80575650638
-0.837903335403
-0.653255220362
-0.685089605746
-1.69963076937
0.219942431647
1.11532548972
0.471881166952
1.73992615538
1.25219389136
-0.140562010803
-0.41491503997
-2.24008858983
1.25009732526
1.21258154979
3.73842161263
2.61679772143
1.11966915504
1.35780739054
0.62587153272
0.849924059434
1.9739421385
-0.450541142418
1.34990285931
0.00947140906955
-1.90993398639
-0.57317689204
-0.248745150452
-1.26521720236
-0.51091400512
-2.62480997828
-2.05540261739
-0.768394689581
-0.790208054516
-1.37643554025
-2.48027754145
-1.44788483944
-2.0404120722
0.990488010954
0.756633633322
-3.83578781714
-0.948989197777
-0.412754133918
-2.12255437286
-1.30211239313
-1.04722962647
-1.98448267139
-2.58144727767
-0.629428889881
-0.110472686082
-1.94726023725
-0.329912745377
-2.72899620391
-2.48381252115
-2.35859130711
-2.64448624323
-0.208710951374
-0.812187344983
-2.16398485713
-1.10025185672
0.427392866364
0.327790550676
-1.28494872417
-0.170376856042
-1.27485760751
0.50703277154
-0.334648839499
-1.6512901111
-0.720780162481
0.738213484783
1.78196167271
-0.32623738835
-0.890606721257
0.21037366492
0.484059687151
0.649397017482
-0.222784018022
-0.743793962635
0.661612110521
2.01254479968
-1.67171603618
-0.26493217868
0.922004195616
0.806441877369
1.49823668605
0.361666043465
-0.986715074347
-2.84220979057
0.307914694938
-1.33509190485
-0.89768144055
-1.67274807528
-0.953974323399
-0.829252408458
-0.573594911795
-1.31688803889
-0.262035977957
1.29880649318
0.922464005106
-0.426577462762
-3.49297745424
-2.30964351215
0.717945155171
-0.0758730259056
-0.374556207482
1.43731081185
2.09001043126
1.00976594682
0.0234083704762
1.18955705222
1.30130556441
-1.19635561205
-2.03610666913
-0.0838100631833
0.950717163826
1.58349639265
2.1855894963
0.870026370289
1.83176389131
1.11663762622
0.809335676447
1.29266496448
0.18561298032
1.46346456566
2.74559264221
1.20991728346
-0.554511033992
-0.311341443857
0.0155043793548
-1.40050605497
-1.65725823292
-1.55037776446
-1.30899150615
-0.0240964843354
-2.11464283938
-0.932793697385
-1.07124190406
-1.22290403822
-0.867181798768
-0.309706013244
-2.28838104847
0.376990972169
1.60301348087
0.307298272059
0.551121008189
-0.401514909647
0.169799763969
-1.05938838762
0.156563031041
-0.353393531535
-0.00204104299688
1.01564579975
-1.29069825183
-2.34036659659
-1.33125061408
-0.518559206554
0.303715758216
0.391748699903
-0.671701822807
1.12406047302
2.21045449973
1.87388333942
0.807353192486
0.582184738039
0.0635065564657
1.03704458618
-0.119305170675
-0.914012886716
-0.809983210532
0.0275384844464
1.27720691162
-0.0685760705469
-0.697528400351
-1.30799450307
-0.793795251127
0.165380625964
-0.809762111346
-0.546820843991
1.07332045494
1.95460463924
-1.74976745375
-0.987149726037
-0.587506064799
0.354615978105
-1.05266210592
-1.07391641535
-1.60968430285
-0.865638197398
0.650354472991
-1.30336304079
-1.76549314337
-0.920906171278
0.343638310504
0.931624189992
-0.878071650094
-0.221298552821
-0.227070274576
0.197730642293
1.35528636117
0.536364293077
-2.39664673236
-1.31314671529
0.866285544964
0.451358915149
-0.267750721325
1.09627931508
0.90169251971
0.958538812663
-0.0845280454568
-1.34569211636
-1.35998335321
-0.530367417701
-1.39048374928
0.23662308756
-1.02387993656
-0.90765992271
2.2729819777
0.414852514886
-0.0171942409611
-0.205240756168
0.340290446534
-1.19448509612
-0.955847370124
0.982710484522
1.87508156182
2.41497779806
0.218877960289
-0.801126445593
0.612060682293
-0.276757204595
-0.0346363807449
0.454786312332
0.951202721589
-0.464511062918
-1.67229180906
-1.11103814425
1.7014412313
0.553490050382
-0.3376132069
-0.586026580393
-0.421522863145
-0.75134297438
0.960603445741
0.125617970395
0.536947829043
-0.431337254887
0.913700746929
0.513693223637
0.315189439421
-1.04520862655
1.13570494275
-0.435535678855
0.268864294824
-2.06697375239
-0.928403030118
1.88594493009
2.26417394798
0.371095263623
-0.711452093292
1.38562982895
2.43957931005
1.73456518934
0.942018914893
1.79747001044
-1.50175777669
-1.09237618521
-1.2768998123
-1.73243596223
-0.647819253442
-0.101139475881
0.782459023085
1.24609200499
0.279070038695
-1.05748948958
-1.18360411072
0.461854218526
-0.405269273733
-0.734957403304
0.0531665387527
1.05657343763
-0.648763857951
-1.21708906701
-0.306719712297
0.833886968256
-1.18977469327
-2.60076489134
-0.576578345574
-1.66317359032
0.341588526867
-0.280949473674
-0.0897351077978
0.888389083987
-0.275254866134
0.0162178216162
0.614107238216
0.921602708073
1.33723681631
1.5946779395
2.17785522314
1.0629259242
-2.29366100347
-2.17506467887
-0.964516286555
1.09683354512
0.391482597794
0.209887178402
1.36180343809
1.41697963143
-1.10617473029
-1.80323552377
-3.75953750559
-3.09703519961
-1.26418485715
-1.32698421899
-2.72593922004
0.232896684119
3.01409040496
2.99771618966
1.4746383764
-0.0612021054279
0.262030812352
-0.486179900116
-0.0185438597875
-0.606986161228
-0.867805962748
-0.0751177742532
-1.42591409319
-0.0990166686197
-1.36602075786
-1.48392188589
-0.763342212521
-1.11639406174
1.79225701932
0.534062500151
2.05551321452
1.1975817295
-0.332050276551
-0.153374700873
-0.749054673881
-0.980764701768
1.68967327822
-0.578748230664
1.11728467815
0.973043324935
1.55472569107
0.185804993715
0.751456355539
0.901233376904
0.123459207153
0.694492236794
0.108893436392
-1.59951253194
0.00711566597274
-1.43024728115
-0.808644408629
1.42282491825
1.39376185959
1.40889835325
0.346805055998
1.22193086217
0.997541706163
1.05888435177
0.924243522499
3.78753112394
-0.354421312352
0.988701552356
0.0350381773878
-1.70601170562
-1.02596643379
0.691709112319
0.0309623667161
0.806011649783
-0.238070553189
-1.72528198679
-1.4559363703
-1.06449174086
-0.408013373388
-1.504905235
0.854033320143
2.62400673483
0.0271738381487
0.395361446054
-0.541282497473
0.951335373217
-0.865557982752
-0.454088140313
-1.14436524545
-1.16360741395
-0.310351136986
-0.563305545184
-1.8789616544
0.722556989315
-0.790005806236
-0.44624200176
0.893151548248
-0.771513177103
-1.57896528244
-0.125103004388
0.655282221838
-1.46466282943
-0.991230108698
0.591067538577
2.73199853743
2.65659122275
3.03654336385
2.3757725824
1.73142832927
0.276840748206
1.26778183221
-2.20101573609
-1.70475891644
-1.76239384263
-0.51369544144
-2.70110357588
-2.3184022378
-1.21602709272
-1.5428463163
-0.966608794634
-1.97521503213
-1.25573117453
-0.819052207151
-1.63276687761
-0.48540378359
-1.08828864482
-1.38613231708
-1.20328371496
0.0417816947639
0.00227560518523
-0.414395048992
-0.921378368338
0.217039083152
-0.380522235667
0.824900319847
0.300535785021
1.56277675672
1.252302599
0.465366193081
1.455273612
2.03164647554
-0.560300128441
2.04577925156
1.82698903878
0.756797415727
1.96495531391
1.02819287583
0.0253211336425
1.03406448231
0.318193610225
-0.814789012511
-0.322276600229
-2.11517577087
-2.35138780668
-0.788257342491
-1.16054136628
1.19402853063
-0.927706056601
-0.00487242004548
0.818986559399
0.221756571266
0.912468604361
1.6684606208
0.8221414058
0.462895597884
1.68644633754
0.650745963647
0.830495177778
-0.741966565089
-1.35041500128
-0.600388446561
-0.0693470090856
-0.593005822325
-0.731022849144
-0.037118273153
-0.782750017868
0.641149436342
-0.969362563256
-0.620533337664
0.431286952598
0.0521482472326
2.85118388043
-0.67659432741
-1.97838323109
-1.209510945
0.295929176053
0.146047091807
-0.410411524804
-0.110732740609
-1.84326718259
-0.151964539269
-0.711621824902
-0.841076368329
-0.134989194985
-0.833411520717
0.471342247383
0.58216192871
1.70177440092
-0.24738185955
-0.664078383262
0.970065321579
-2.31853727377
-0.767728654087
-0.220638394801
2.18944374658
2.84887841114
1.95065222195
1.27361920191
2.47075118866
-0.347586126689
0.749862854311
1.57050503113
0.348933229444
1.21333941444
1.05710170383
1.91143360278
1.22283341164
3.02488760998
0.143475367616
-1.52650675689
0.894197575851
0.94579847353
1.92931201452
2.04091537461
2.99782488095
1.51028851307
0.518479974874
-0.348238201503
0.331057976621
1.30646097146
1.77267088237
1.57428026219
2.66824135527
0.807233684189
-0.492292149551
0.0850750327356
1.58877075709
-0.123584051844
-0.949061884508
1.88717739617
1.82117835226
0.0559253005976
0.831137232683
0.267846364349
0.231422068257
0.201807570778
-0.375920440259
1.49869254083
0.619925755346
-0.275358847978
-0.953526092452
-0.808452266604
-1.00355083887
-0.161554355054
-1.44723731889
1.59451734976
2.23715069358
0.454104146413
-0.145532596942
0.568981781658
1.73226939499
0.551704189183
2.43890348174
0.91391418935
-0.344485882977
0.789372668818
-0.617966041164
-0.566919382696
-1.14218113791
-2.42843087775
-0.637078277877
1.05207697889
-0.587976221549
-1.33057159301
0.685939469367
-0.543339447352
-0.0992923571428
-0.309669321209
-1.23588106287
-0.368900943228
0.166848953658
2.09636138016
-0.2341201903
-1.33880342422
-0.371131260529
0.964032266414
0.416799920012
0.703729483483
1.17840278554
-0.387349226958
-0.0556435893059
0.118036551683
0.486388891843
1.80625511431
0.444090674582
1.79442644503
0.668903634606
1.42126990007
1.41804188854
0.551281547381
1.88587179543
-0.501937188444
0.0901935227595
0.261126033255
2.00261992838
0.435514017589
-0.188157034769
-0.523851418616
0.177979674729
-0.580145949891
-1.31620190405
0.702200460036
1.09974839904
-0.489358622685
-1.07964533307
-0.338199132396
0.154489764299
0.616344804246
-0.308354002738
-1.80721458774
0.789191597689
0.158409240379
3.45699302102
2.92557469672
0.231907191551
0.326501634334
0.400874483426
-2.31839940383
-0.165663280946
-0.892713378207
-0.631567652822
1.59324797968
1.56452293645
1.77545672919
-1.67597937713
0.369146988764
0.90277423417
-0.424402919245
-1.03693678612
1.44171036843
0.823529186636
-0.434017935825
-1.01003066083
0.416368146818
0.155877398179
0.344435408074
0.257799862223
-0.559282005035
0.858383390185
-1.29168258874
-2.39624310158
-1.85231970081
-1.41861471953
-0.87873307728
0.0213416718542
-0.343814149382
-0.328594712739
-0.788512887669
-0.33400877391
-0.185212982475
-0.397463032423
1.01843438866
0.286883301108
-0.525043630606
0.742706980887
0.62081327737
0.525921205038
0.464609470366
0.0750978808911
-1.40801202378
-0.39379678034
-0.0720432731065
-0.379268623842
-0.520639266416
-0.63937065508
-1.41491535995
0.329061319529
1.4248154748
0.694282113907
-0.532223017444
0.861350772283
1.96184052966
-0.463367084467
1.48396582319
0.81595001191
0.612062322304
0.127567038804
0.447721867074
0.655263419544
-0.476232348428
0.888585385588
1.17311594404
0.501408761912
1.48231179657
0.856545949916
1.48757418071
0.66463562936
-0.63539054349
0.238384458856
1.50641138334
-0.469221575813
-2.78740789482
0.509456260604
1.1838673795
1.12982865347
-0.660663739218
-2.06534430164
-1.73172643476
-1.5631375055
-0.467292825852
-2.61546577872
-1.11005119116
0.572388745721
-3.33004014471
-4.63382613675
-1.58182879314
-1.93303690025
1.47290980999
1.87183718314
-1.01867872217
0.0798597804323
-0.778909329928
0.353454499222
3.31576293359
-0.0819595801464
0.407909146231
1.26431370675
-0.429922654298
-0.528850767122
-3.26513297381
-2.10068209264
0.871635580602
-0.382616949888
-1.55194073226
-4.41886168822
-1.79775683764
0.77163121708
-0.578913008694
-1.10933729472
2.84718824386
3.01285058678
1.35608816206
-0.148019077045
1.20174003692
2.37308321194
3.77393658991
0.683545078112
0.497114858273
-1.07347332358
-1.13666079384
-1.84653959888
-0.621572539041
1.54333830779
0.152205125329
1.9895091356
1.61373164922
3.28286064192
1.06661926926
1.53019121697
4.56261170937
2.97384685713
2.83427562753
2.61927974704
1.68928201533
-0.0673585783707
0.781728127189
2.03622105775
1.259575148
1.355635022
0.398920338949
-2.58092300226
-2.01760362722
-1.37121480347
-0.0230326015498
-0.250485043799
-0.291100693483
-1.33990395486
1.34757893602
0.240613624
-1.20673536443
0.928480384331
2.63137975559
0.275973681776
0.650379114692
1.22939022045
0.25992081853
0.116744197212
-2.62893688083
-1.17859686637
-0.259576441196
-1.362312402
-1.93445238762
-4.0181406636
-0.83217321838
-0.72011233243
-0.374070958143
2.14426382159
0.277009192416
0.118391482638
-0.450898604074
1.51686786496
0.724331358293
-1.26132663163
-1.65686173584
-1.95111853372
-1.84743999283
-1.89467708519
-0.888018706713
-1.99111464515
1.06696085424
1.53954524427
-2.70614327631
-2.08228639843
-1.44732250452
-7.20511687113
-2.15353436982
-2.09753983753
-0.875029743358
-1.77582230046
1.61151636634
-4.46667331249
0.474127844698
-0.220635717067
2.34930302897
-3.47345827031
-4.2011878075
-2.21313977062
-1.05992014052
-2.62803174622
-1.56223888752
-2.15240758671
0.643956781023
6.12772132799
-0.275787349566
-2.19032033897
0.488830748031
1.44254397406
0.0965717395984
3.52734824643
3.24750037238
-1.53036807492
1.32177804707
-0.478808248782
1.39557034215
4.38622561008
1.84890133138
0.892296673691
-0.598816771302
2.78582689637
1.32356205993
2.16479012818
-0.134804734282
3.70282895828
3.9111681346
2.27956115364
3.90403605814
0.0211506069206
4.13122890782
2.79324900592
3.12049285953
2.38907673581
4.00572010497
-1.85322803615
-1.41015833135
-0.574599593104
0.0308304262118
-1.08741239999
2.17267516881
-1.64576535566
-2.10075662358
1.16140521473
0.983405512291
0.750755449495
0.532355261847
1.0832840842
-0.684511577438
-1.04192836984
0.569320633836
-1.86915050115
0.261061227213
0.34814031259
0.765495386221
-0.0218804163288
-0.137908937992
0.608912740925
0.386760758065
1.04583962553
-0.287524071822
-1.73266382052
-0.358135566694
-2.18822399683
-5.16950321031
-2.95396761303
-1.09177935587
0.0970803472088
1.73818135146
-1.81042913851
-0.822923180959
-1.18559044284
-0.541400117629
-0.468938216886
-2.66504000916
-2.76767885674
-1.51492374474
2.96357123276
-0.51068302806
-2.23721270566
-2.0166294269
-2.23804944736
1.30910651425
-0.400122526311
1.4850819544
-2.07368886751
-1.63521395779
-6.5871240724
-2.65287635859
-1.7120784831
-1.75004184735
-4.0894135591
-1.88555841254
-5.36568574347
-1.99359306154
-0.443710528761
-0.621069824502
-0.945348986032
-2.37279266159
-2.50478886542
-0.238125178987
-0.415029619514
1.11107771132
-3.52342292245
-2.74187701786
-3.3008105098
-2.54820266384
-1.36119862775
-0.33720229651
2.86754691434
-0.510665258086
0.960189469917
2.99651178206
1.45069605784
1.73084419272
0.0276036742018
-0.221917125006
-2.39534387856
-1.38333628319
0.80738040161
0.250507485147
-2.55971860436
1.45473107741
1.45172575109
-2.16274901537
-1.17811391737
-0.868710110544
0.778904822513
1.51491345214
-4.40578682403
0.441629135475
0.764820039287
-2.50347034921
-1.1792401052
-0.372285112081
-1.20325714374
-2.67350252752
-1.16656829177
-0.633015026607
-1.12984134854
0.530698596399
0.229420412631
-0.469831508024
-0.947510104017
-0.289936880122
0.601677265486
-0.607602033631
-0.764603529945
-1.83058187565
-0.260356292787
-0.419041918595
-1.21287985301
-1.59384754889
-0.329704347632
2.46002491312
0.823785337457
0.0439122493498
-1.33774410533
-0.0134870745362
