1.61800203882
0.462136501253
0.011625038619
0.737944160731
1.1812680892
0.926138262405
0.618317818853
-0.755548366318
-0.297631738866
0.0529344138934
0.126932065844
3.00270383473
3.00753331414
2.30489892816
1.38875234412
3.44999443502
1.09604720196
-1.42758512688
-1.59960420862
-2.50066526691
1.00914311668
-2.15515386838
-3.90754827799
-3.67920110348
-4.39834987101
-2.1711694227
-0.079725072594
-0.120351291224
-2.8054270509
-0.0283121059401
1.31667085585
2.20828854219
0.0493454831333
1.07877170167
0.570546958019
0.546500897803
1.41829783355
0.550961017882
-0.00145694719243
1.06046614644
1.53853061404
0.37146353488
-0.248229378352
0.407146858403
0.229290525716
2.02299092513
3.2294485719
2.68978294657
-1.25817241148
-0.322843371548
-0.991177787732
-0.468979938284
0.863294272383
0.0788547013054
-1.47507590399
-2.25365567795
-1.01174340849
-0.655667867776
-2.80572614292
-2.93825233482
-2.24382750128
-1.52842294767
-0.714778175494
0.46335993898
0.223277212495
-0.783158752006
0.624284376657
1.3276647919
0.0839984853654
0.502238046604
0.543760510746
1.38499708403
-1.49194649605
-0.944005164186
0.840343856495
-1.10412539346
-1.80562918185
-2.8858913531
-0.975283767093
-0.773846505697
0.625509639142
0.478799980355
0.183033089842
1.15830994814
-0.226268613993
0.304961890259
0.0840889619475
-0.803336927456
0.0370578092176
-0.126162502609
0.837662511211
0.857701858515
1.45293505708
1.00542203708
0.50657713818
0.50148842893
-0.255363967047
0.990707686212
1.38011791299
0.75502796834
0.911931066635
0.230583670793
1.21947112492
-0.609140699464
-1.24277917343
0.444276984071
1.03587586095
-0.754419293803
-0.16799492098
1.34428247726
1.20562827647
-0.494037745172
1.1460503212
1.46911477098
-2.14484394253
-0.322620430401
1.18179176812
-0.153656579709
-1.61024292644
-0.647130746245
1.24676586507
-0.28643212637
-2.62891175482
-1.86644780481
-2.30102919769
-1.04444204328
0.897138056501
1.0509609383
0.714888724789
0.619812729887
1.57149324303
0.189465871466
-0.986791587298
-0.921291866212
1.55554342778
0.540779217997
-0.199038505647
-0.805656048836
1.18376374495
1.0541190707
-3.33071192953
-2.22180962278
-0.673612185101
-0.237785686668
-1.4869203584
-0.494644208096
0.995398865183
0.6801658149
-0.0888298282528
0.0426358440765
0.780094332724
0.492871479204
-0.105802677452
0.264774620762
1.05125035427
0.14383507809
0.13404301466
0.475608261501
-1.18968462318
-0.403641798668
0.639313045219
-0.05089558635
-0.873094881625
0.47831354916
-1.09311146537
-1.11213509898
-1.86417912074
-1.29380046968
-0.0427017291055
-0.674786737223
0.422298214812
0.255034202961
-0.646658530735
-0.0886369472936
0.250666632979
0.733048945409
-0.359955161602
-0.265620184177
-0.408473210788
-1.13175453138
-0.683797714111
1.06542561684
1.00783681913
1.6157848503
1.27746238875
-1.37324256765
-1.1172182314
0.590351736266
-0.904847714332
1.37836043593
0.258512170994
0.336064049497
0.520208036741
1.03100576863
1.00497289531
0.584046676724
-1.73518850425
-0.769136275564
-1.52152057034
-0.663121713184
-0.207189055503
0.60078815901
0.53407575465
-0.628305126651
-1.52309103563
-0.760646048975
0.157237906774
0.914233573427
1.56161940206
0.834619483391
2.03198853364
0.0221806149644
0.722948227356
-0.557491330677
-0.500381346268
1.32051839842
2.2773273997
0.476668825847
-0.160228103532
0.256117623553
2.31894731945
0.189590426103
-1.28161638082
0.766682433121
-2.018503841
-1.87543745606
-1.62712143543
-0.0928311041435
-0.604450341643
0.0293422145978
1.50583852716
-0.105854938709
-3.15827496578
-0.562275870529
-0.25643048695
-0.439999083996
-2.9898273743
-1.80570742443
-0.762472464175
-0.971917620897
-2.1562528362
-1.37634651075
-0.600822708783
-1.87879719064
-2.26328900183
-0.230840463059
0.18696401925
0.229422862415
0.106685387359
0.307769251325
0.863850566935
1.68891226894
-0.140243797491
-0.69027855348
1.0244621237
0.468274928639
-1.20301333171
-0.18163254343
0.899396111971
1.01432790554
-0.265147603233
-0.476149780048
-0.21470729914
-1.22143677925
-0.339771222545
-0.429900708343
-1.43107425244
-0.652315971653
0.447581970793
1.16555176153
0.379101787841
1.39982113634
0.105329308638
0.89884828735
0.480278709051
-0.152988840846
0.366046033155
1.03192766576
0.987103852554
1.02464365901
0.555203532301
0.0208003216946
-0.986209986709
-0.324036255402
-0.618481743529
-2.09443577446
0.35728242607
-1.16975426436
-1.83418637419
0.00230740188962
1.21211383724
1.35546559011
-0.245333798873
0.476459082895
0.790018799986
-0.946234381113
-1.32519199943
-0.0497443459275
0.436079135622
-1.23559596171
-0.248738879151
1.18641987822
0.610522926304
-0.235850862061
-0.400913917083
-1.52326642576
-0.0674237463959
2.34972672967
1.2882520768
0.347672297336
1.57328746594
1.23251886855
-0.102303702777
-0.190932872637
0.308815307621
-0.156705250106
1.21349339802
0.8828905039
1.42454251954
-0.157863474146
1.53715103692
-1.15725332037
-1.17302679506
-1.0603271413
-1.37227792645
-0.662905727396
-1.09366184836
0.997850980463
0.00708128788499
-0.823240588131
0.866876924275
-1.94908411295
-1.61360660234
-0.720294744653
-1.95584460837
-1.60737448315
-2.77269144268
-2.24574224503
-0.567881508803
0.59536288485
-0.309398781353
0.958514017826
0.273357592253
-1.60485074345
-3.49034445718
-2.36882723761
-1.3610641169
0.159218420027
1.4887056182
1.63273621387
2.88793605401
-0.0814114223634
1.49553114427
0.189763019399
-0.087396440924
-0.804693344335
0.721485666718
1.67266469132
1.62795550708
-0.204099635534
-0.0619945643601
-0.293281727932
-0.914265462131
-0.327715617589
1.53249741977
0.599242249991
-0.128263580729
0.828605052423
1.34421882695
-0.41302470302
0.209819019242
-0.0276898632006
-1.06778326382
-1.20684776221
0.264809053276
-1.10791982228
-1.19749650836
0.536777658107
0.938864997332
1.22027534108
0.543067323972
1.36432193394
-0.383560013168
-0.425304920643
0.823795528599
-1.51529568656
-0.106300772479
-1.20380692089
-2.34883864451
-0.537579118298
-0.199188377375
1.45542057761
-0.970262539525
-0.253527355629
0.867210428238
-1.06184365836
0.315071660305
1.41499643966
1.11538189826
-0.413318171103
1.03216653044
1.32606575022
1.06803528339
1.46452813907
0.110686980835
-0.848401182759
-0.114158920352
-0.244873900342
2.11656474565
1.75967705331
-0.73981600744
2.49518000981
2.32799473568
-0.557058464259
-1.14967219684
0.0547661532182
-0.138782712232
0.574700376536
-0.659069480374
-0.322816819806
-0.430493437495
-1.50237862037
-0.261206252549
-0.733548312652
0.134299588937
-1.15241064771
-0.198758616128
-0.79872499223
0.410768766171
0.116480405993
0.881078928424
-1.29952391502
-0.635822939954
-0.892819308665
0.602859947399
-0.621646722004
-0.585928432773
0.745878947291
1.63223669984
2.18359956553
0.490342101778
0.165549760991
1.22686609521
1.26719399863
-1.43582241323
0.184832604609
1.01647841189
0.458890190066
1.07322453442
1.54629305855
1.84005306131
0.876312186953
0.398797821239
0.982957475986
-0.109227288272
0.0177164258963
0.779351033588
-0.511234048199
2.19755037611
0.827754781527
-0.639605244078
1.30080927469
-0.393690588641
0.123243698745
2.291744737
1.84405831293
2.5122934218
1.19958830249
0.863108019085
0.298042554646
-0.0427011275046
0.592173127517
-1.26671840018
0.465158757012
-0.536690839427
-0.466274971716
-1.42899055075
1.19265758825
1.53020280907
-0.595900886249
0.166407822928
1.8504185863
0.940331272685
0.694721592502
-0.140330387945
-1.39477943193
-2.00344064193
-1.38668878976
-1.06873673664
-0.381559074184
-1.04799091233
0.994925678054
0.627005369772
0.217192229259
-0.242146415989
-0.57572691348
0.458367172097
1.62469192763
-0.165919106336
0.938837826823
0.82507522449
0.5849293812
-0.271254112423
1.04127058448
-1.10564070627
0.43621596015
1.12482590073
0.945261288672
0.982355865769
0.74687962202
-0.0180413276851
2.72329189342
2.20271867171
1.66854523858
0.747597057421
1.72764914439
-0.215415361327
0.227511368732
-0.408816204344
0.39742060258
0.0969086112154
-0.398792591917
-0.581210912152
-0.187632075981
0.909358823149
0.0320635324133
-0.279752785576
0.0132987737289
-0.427688379718
0.675999758015
0.366014545927
-0.543535163068
-1.56384759526
-1.32453566449
-1.16353046705
1.74489671225
0.735280386221
1.83353939063
-0.763075836647
-3.10142809081
0.644540986748
0.757283664539
0.604393684454
1.29103566287
-0.684403498216
0.806905513124
0.0813050363486
0.670166275677
-1.01938127234
-0.129116282942
0.350011185839
1.22855467845
-0.596488412906
2.33755894554
-0.158353102567
-0.286554153896
0.321399116303
0.155990511762
0.814707351006
1.42686758794
2.22395463867
0.114781945293
1.42046675374
-0.306235031183
-0.894810577622
-0.808489968342
0.734895466305
-0.0570675494155
-0.426606312608
0.62280005466
-2.01003038915
-0.67800807339
-1.3649142967
-0.977515340905
0.146848707867
0.317951457854
0.0983995919893
-0.176162924846
0.0330511560871
-1.37600165071
-0.0498290973385
1.67645353579
1.5317721938
1.27353523235
0.402602913534
-1.19425219656
-0.403296674569
0.262413133682
-0.305560662226
-0.042394249765
-0.379770302514
0.462932877197
0.0221691385918
-0.725827674134
1.48473821546
0.32983772515
-0.499424325959
1.05392445709
1.93098368892
1.52062881834
-0.360990185311
-0.913458728388
1.02227499563
-0.530523333461
-0.72309339075
1.59766364482
1.27322363466
1.41731008636
-0.0381132576422
-0.823929788325
-1.5573167443
1.19171403054
2.89881833544
1.85690351906
0.640629963135
2.13972958115
0.451205999463
-1.52537636067
-0.952066053872
-2.06843361402
0.163754634586
-2.38218843501
-1.52475407594
0.88283499399
1.52782091682
0.344487160554
0.714506828347
-0.695799310435
-1.04927118877
-0.431415850282
0.644620809771
0.725602875319
-1.849308582
0.107091986126
0.647425994421
1.07609738923
-0.171396179912
-0.166135829578
-2.24216277513
-1.92899769918
0.498930451146
-1.98578635994
-1.0371243623
-1.66739485164
-0.281107514021
-1.22977384216
-2.4312882671
-1.38912829058
-0.651175277661
-0.31463869552
0.189705893875
-1.58803256982
-1.72124876901
-0.66975883351
-0.510098145372
-1.63098579444
-0.804881865009
-0.472499197421
-0.772652960757
1.04436624023
0.435976841565
-0.0818272589137
1.26189052687
1.18846413575
0.463322753258
-0.171350564426
-1.81212182754
0.148022207472
-1.62237796787
-0.958413383821
-1.13796288212
0.0467329586058
-2.39703366654
-1.85419525194
-0.361451687045
0.191235440055
-1.72845027337
-1.626874036
-1.32284889717
-0.780340874965
-0.0904729321922
-0.273563481199
0.910771970387
-0.213765249482
-0.312538275439
0.130645425335
-0.24055765049
0.786987045804
-0.587830555477
-0.0116889095651
0.132702274821
1.1287592973
0.259714139371
-0.559936547693
0.823781673637
-1.60404252309
-0.0316216377107
2.11186901271
2.80524217216
0.723094778143
0.751855021707
-0.574042241654
1.07556689065
-0.171428183569
0.587361439045
-0.780845133858
2.74728079268
2.25911054467
0.923821076632
0.381796816234
0.591816950264
0.554578903814
-0.00544136758288
0.75379127316
-0.497754870596
-0.46645611077
1.61998290156
-1.60240908786
-0.213017561162
-1.3660342886
1.04988557366
0.783226582611
0.717842905035
1.63582991361
2.10145377826
1.60811149526
2.40961741768
1.67540304862
0.80538195485
0.454443981622
0.424902918316
2.16910590255
0.576560115175
-0.123385554667
-0.390333507088
-2.18574225968
-1.99227832734
-2.47765585942
1.38047223316
0.332060985529
0.211868376556
0.126549912472
1.48529976597
0.798298671315
1.93794348354
0.791162109637
0.0551711900703
-3.81149831734
0.163860445958
0.20978257404
-0.323477495716
-0.119425745893
2.42217796023
3.08631139087
2.76560057689
3.2900784828
2.51441135179
2.1199679653
1.46259240517
1.89844121468
1.47623235017
3.54658581587
2.98498144918
3.3568397145
1.05293784397
1.38057869912
0.632970708484
1.67653106274
0.477753214587
-1.34322978083
1.66441725408
0.725256725956
-1.08530645535
1.03505078877
0.647819630095
1.19284380621
0.35535023819
-1.21978321589
-0.909306884487
-2.18681271082
0.469806230156
0.825492852528
0.354161815746
-0.0586026509046
-1.2611049178
0.237737499079
2.20560106313
0.269986811514
-0.493106125514
-0.170580583392
-1.99713420701
0.548568527359
-0.280394354022
-0.213721313483
-0.554865995165
-1.03823491535
0.333993158378
-0.104988535481
1.93039706749
0.569778784693
0.481204196234
1.14787979983
3.32541543607
0.109029480349
0.252087623774
0.526481984298
2.72176839874
3.39099792186
2.87905985307
1.44643681868
-2.16731685238
2.53584611801
-2.50024581873
-0.123309706592
-2.16420080712
1.53620117037
0.538314891717
1.209888271
-1.15244295932
0.314259518126
2.21474501414
-3.53951500962
-2.87882606494
-2.3946134302
-0.802999290159
-1.9843515063
-0.868742259268
3.34145577928
-0.453302969376
1.09886172878
-3.34260279687
-0.91404771034
1.69344199189
1.80483773067
-2.05724133408
3.08032052901
-2.79058174769
-1.80131078696
-1.83560802188
-1.75952119045
-2.29838851432
4.56270808244
2.05799265841
0.728818862357
-2.44645322649
-4.31834254999
-3.55835381058
-1.31849929495
-4.88967789078
-4.56499475558
0.480034904567
-5.45404529153
0.62253749798
-2.97887127083
3.33820341438
0.0670619423056
1.24226398812
1.84906695679
1.43237140742
-1.17387310252
0.862586664867
2.87671203891
1.09329669171
-0.781532710448
0.990116458605
-4.03402809216
1.02754639433
-0.16569543961
1.53997118789
0.865861882304
5.27958606944
2.6153205631
-0.394069339908
0.351491705215
-0.662078717955
1.40831693295
0.244673463464
1.91571588787
-0.918947428729
0.46774976114
1.48474608892
-0.0063394071737
0.111768894712
-3.14092862002
-1.30995324796
-0.390030278962
0.218262492563
0.491542313601
-0.186286845498
-1.68263051977
-0.814991779359
-1.3667347642
1.85832349535
0.899904223066
-0.504453186979
0.753662967081
-1.04985108912
0.331439304172
1.23569734741
1.14512260147
-1.3461854689
-0.417202667174
0.597257767352
-1.26696273117
-0.400575927468
1.34873954345
1.29566721489
0.356589305342
0.14396930022
-0.181432219942
0.552416956336
1.36367762786
3.69372214832
2.43248683143
0.845409318899
3.66264480026
3.56445086921
0.289544034088
-0.500241609689
-2.60767239401
0.607143333865
2.0799636914
0.733325124835
-1.53941307658
-0.779266850083
-4.02806578592
-0.45801954481
-2.66308584841
-2.90411762052
0.972088184942
-3.30838111031
1.67138067816
0.240607407941
-3.14845005692
-1.96683104466
1.88616912079
0.555631537527
3.34688533311
-3.85948124121
-4.0547292398
1.75585526128
1.40557043476
-1.34611958551
-0.154876559332
0.437375265156
-2.79728092546
-2.91639370281
-3.65754523629
1.46057009249
-2.77390172014
2.13195184208
1.77830244344
-0.316618344813
-4.00445893899
-4.91855261931
2.13025423951
-0.389484942845
1.46119827604
5.34992962668
5.80402065613
-0.0832564784
-0.440882429161
-0.419899280392
0.163578385269
0.828950019448
-0.795291150842
0.339220072453
-1.99605271889
3.00889452606
0.457365590629
1.47092300215
-0.694430540522
3.00941890342
-0.0776579028618
0.0541772241809
-1.77832229139
-0.386136837073
2.36684270222
4.93337176015
0.0799563838994
-0.983942868632
-1.2865690047
0.495852996615
0.0594565647735
-0.405695472175
-0.171373687033
0.854405762225
0.783909700634
-0.680280898685
0.0547115936683
-0.888084411178
0.867610494843
0.246139396373
-0.106466755553
-0.542884018748
-1.76941276595
-1.49659355451
-1.72922431058
-0.875327525668
0.268519282497
