-0.974559565634
-0.102546318794
-0.755904425737
0.0145865245104
0.860915760982
-0.0385003670509
-0.95250505233
-0.820137418645
0.689448831602
-1.43788134633
-0.690700607179
-0.132857449085
0.197753246694
-0.635595652312
0.289966945859
-0.465763240171
1.70521190737
0.452239774486
-1.60531686565
-0.452385052072
0.665598910045
-0.819930243508
0.0687788935104
0.439335728108
0.285314871501
-0.8617019683
-0.43880624178
0.486902496758
-1.41847487643
-0.249834512802
0.823466888232
0.295227757765
0.164664908169
2.22029885029
0.0613620608804
-0.383459818387
0.540583565568
-0.490342138398
-0.0492722487252
-0.408970770497
0.309497630939
1.12318907378
0.585289238766
-1.07396424763
-0.28890690162
-0.719563618812
-1.00209401487
-2.03442765943
-1.47358309482
0.53640554969
1.92805711908
4.53651786093
2.80122025602
1.33859049454
2.60072304851
1.8061740942
1.73911816686
2.00745089261
-0.0295239252731
0.221798359818
0.307157220583
1.21905337166
2.73268983753
1.54757995871
-2.36467220847
-0.930793369659
0.416723429657
0.169116642413
1.2001473977
0.157863985756
-0.364775258774
1.18898779603
-0.391183466102
0.363799624386
0.294977110364
0.511336786312
1.43151315156
1.52833920682
-0.61435535956
0.333329714828
0.236505665844
0.217041467201
-1.34697193854
0.360405966555
0.746445475232
-0.00221418729492
1.16364338539
-0.247144235274
-0.0296074322478
0.678146927088
0.761014204964
-0.457692733321
-0.434033619079
0.32756653749
0.760974904042
0.347250300357
0.689877955356
0.9294579965
0.501298672697
0.298628447606
0.80919176751
1.11521197628
-0.152806481798
0.797542743999
-0.528160116378
0.944879151797
0.235207361371
-0.117600590351
1.06026053918
-0.65259757065
-0.971360641979
1.11998599039
1.31578947654
-0.484286831672
1.11769984639
1.66389728605
0.637449146965
-1.47604355064
-1.12560562909
-0.139758877364
-0.46767044474
-0.544769890824
-0.779392487958
1.38191176012
-0.548572369434
0.490679608639
-0.482115327112
0.201471684863
-0.853833447271
-1.25117329968
-1.23867068717
-0.351259479541
0.759727945049
0.322269503696
1.46397514841
-0.741700994667
-0.642992708757
0.0104873915655
-0.804243025584
-1.1076633966
0.222706577395
0.828267606755
0.393652277291
0.590942870941
-1.37218177003
-0.819180370917
0.508425594086
0.976611822671
0.739062733729
1.52857265823
0.777939516961
2.19823737037
2.01762680805
1.17036698431
0.760892821574
-0.556935626913
0.284541083093
0.543649892814
-0.664332786834
1.20037836576
0.473684911732
2.7515504425
2.4600324359
2.09895019865
-1.30315617341
-0.959531997089
-0.9310008082
1.03451175075
1.04608062602
1.69909223171
0.0100502747164
1.44940797061
-1.68645609647
-0.879109938684
-0.0763270000234
0.692431101501
0.251721931492
-1.1127068488
-1.95582219115
-0.744119807034
0.768456150036
-0.104935751253
-0.577111594213
0.405109381484
1.60345424444
-0.175098185975
0.367021174132
-0.247092455854
0.335071459653
0.387772568529
0.793865005817
-0.871356802858
-0.74267438866
-0.615807610481
-0.44693028625
-0.751034452133
0.544012193693
-0.0400406633461
-0.25353047162
0.235648989325
-0.793321927611
0.336100688851
0.715600100474
1.32115157905
0.255275478157
0.388282542125
0.426395984314
0.608650645186
2.06363037575
-0.362550605906
-0.64133259917
1.5423382926
0.0617270283678
-0.413371296233
0.519233203553
1.32865285004
-0.0153368225963
0.613079448348
1.84389306895
0.546963440481
-0.229660511256
-0.667970669184
1.02955298564
0.66645149982
-1.32261555435
0.245249706167
0.310859639968
0.89677181088
0.192547767162
-1.72225203425
-0.211422709261
-0.461872867461
1.172402118
1.19461520957
0.816426589681
1.14217107786
1.14486557789
0.769549568029
1.15746397202
0.977798328806
-1.46183130895
0.737384773941
0.48003366719
0.601320550443
1.2336469904
1.12799279787
2.24539225277
1.51604217774
0.265430645619
0.464098530679
-0.577583523805
0.836681760114
1.73529714595
-0.688171049882
0.384498467129
-0.762318384925
-1.40478098967
0.132204096946
-0.267409401385
-0.582559343899
0.401279387443
-0.583195748601
0.43872146985
0.229032224337
-0.765876521443
-0.157664572147
-0.69256794631
0.342013982461
-1.07287663751
-0.743197616896
0.199966655788
-0.0381761584599
-0.762469439884
-0.932133328926
0.3912523146
-0.451450457363
0.866414462633
1.45583073374
0.835246410984
-0.64679886535
-0.606590640815
0.405473065789
1.11776578994
0.945332342709
0.799108048543
1.4910935073
-0.305325694321
0.898436112192
-0.443422583157
-0.0698341839582
0.156996024823
-0.148756548574
-0.391351030796
0.398835693215
0.20013384079
-0.28145126927
-0.358481246352
0.807795868597
0.444960852806
1.41100386154
0.927425369175
0.583386213096
0.0582971212967
0.410355513176
0.286420221923
0.693077817568
-0.150411827552
-0.0865782048352
0.0786014188226
-1.10722609692
-0.914283536067
-0.27342424089
0.664270155448
0.410012859603
0.193093401773
2.52421123593
1.17926982984
2.39147613015
1.56881173664
1.03840921389
-1.4919260417
-1.42794932032
0.142711777001
0.898859380984
-2.04251418081
-0.042211173801
-0.624545471239
0.542517501871
1.11020029146
0.289501655434
-0.320087129195
0.699687862677
2.22998810084
0.409345237676
1.55157582549
0.712263478368
0.0377047977756
0.0242889416798
-0.411768271287
0.455242921166
-0.298309426564
-0.389124911311
2.14936109136
0.682546600419
1.81385759365
0.0988241143506
-0.172441683595
0.411284303689
-1.02847079232
-1.10644087706
-0.423696565142
-1.59830311393
-0.26105165676
-0.316545510655
0.78619708092
-0.0904050755614
0.126595627082
-0.5990215532
-1.87375510662
-1.21915656107
-0.482468390614
-2.43234716105
-0.293416341424
-1.05965927671
-0.927688804153
1.52830226483
-0.18307408779
-0.196784895641
-1.26625714165
-0.0174959042108
-1.18953207859
-0.225688658761
0.499149361259
1.6527776179
1.12284391006
0.665206838914
0.874816155761
1.69941861741
1.8853534658
0.538902253954
0.182516801951
0.307394382076
-0.497676888864
1.46648777302
0.860468397501
-0.424131314914
0.510891950151
0.30605190216
0.504649950084
-0.700864762826
-0.679952010648
-1.07324076659
-0.952437742293
0.812337610933
1.34999027283
0.0888956851917
-0.686314545546
0.0619440746279
1.31518213851
0.229354372953
-0.547924986694
-0.410740018067
0.558655473
-0.247530362732
-0.764775285051
0.668990910578
-1.12883947703
-1.09510774399
0.493088249184
-0.273204366133
-0.540416152074
0.352894990491
0.344021464389
-0.371618825822
1.29575675458
1.55386465554
1.66551979453
0.714744150565
0.0295750672183
-1.71271001624
-0.978547609291
-0.0636224534949
1.19981133131
0.706705643913
-1.03888025427
0.369937317593
0.194727740932
-0.440091658484
-0.799103469605
0.559843513574
1.01396823002
-0.370548814467
1.64979762226
1.76665797654
2.10769391931
0.520461838328
0.8674659485
1.64708801259
2.17711908913
0.729023256109
1.56472319662
0.657459002502
1.77755277251
1.72582416426
1.0988210883
1.01304443223
2.72173795503
0.720594789257
0.00636301616811
-1.78044864673
-0.902324289413
-0.984763526719
-2.04572313951
-0.923195291465
-2.63696545759
-0.889641808324
-1.40409346739
-0.241061190892
-2.52225597261
-0.228687663506
-0.51019218191
-0.114435669419
-0.0945705795318
-1.61786161111
0.198461472701
1.52678087283
1.28951293805
1.40434730607
1.84465300573
0.669448356728
2.11079029963
1.84581749355
0.887798912657
0.926459424851
0.566519794979
0.934517685886
1.29094038404
0.972893197965
0.443141571656
0.89892354576
-0.14571184824
0.249305244911
0.398909602218
0.584801267141
1.61357448283
-0.238592569111
-0.295975516556
-0.966720419767
1.06888358891
0.669874035852
0.936680014348
0.5148186128
0.033994134646
0.0444646967522
-0.449501441401
-0.878022215019
-0.099162948311
-0.627253866313
0.48954579926
-0.765003871917
0.254201329081
0.0949093008352
-0.330560940208
-1.30831412041
-0.41072792455
0.0787389443167
-1.83258627925
-0.305901950693
1.28289802324
1.86827051548
0.89058777772
0.101657639717
0.173682098147
-0.153257145604
-0.179368499843
1.09971193129
2.46011862749
0.599788667398
0.142400289144
1.15585285351
0.0838984780552
0.465430098143
1.93729344522
0.799945312589
-0.49554929867
1.45092604803
2.18610063865
0.0677912100842
-0.161520711117
1.51617161433
0.636484394127
1.3001479406
1.08324662129
-0.213555831361
-0.0237380249693
0.867548348562
1.59693210673
0.302143937586
1.37585359811
0.596307072699
1.30075451523
0.546719271243
1.04493627934
0.513670165221
1.64313796656
2.43638869762
1.46379023199
1.80479613504
-0.118853653783
-0.982750995621
-0.499085354626
-0.61548787622
0.776389560474
1.10477635678
0.842115114189
2.2961308527
1.21854233892
0.522975239189
1.09693474137
1.73354853826
0.861931728226
0.341437399137
0.0611588919655
-0.872171761859
-2.41093108024
0.71063095375
1.13400821729
0.364010154103
0.92070762672
0.898089793219
0.38003549911
-0.875858648866
0.779489216087
-0.568948359673
0.371382112925
0.984651781347
0.978030339668
-0.636186280508
-0.0108259720395
-0.397872834098
0.930030413657
0.517050212836
0.433659528465
1.10926687104
-0.282555661124
0.75251744111
-0.836260612369
-0.375649984138
0.591817322894
0.838275516326
-0.158875499243
-0.244969185904
-0.952549590187
-0.344892818816
0.853140122175
-0.0578099510401
-0.787309215763
0.985677698304
0.374730722176
-0.211943231147
0.785098547272
-0.211133328503
-0.450787967346
-0.0246664777019
1.11409849267
0.918254999866
-0.0220931963987
1.36294121801
1.4827118313
1.2285809153
0.926115012809
-0.80905056167
0.920101050917
-0.195272827813
0.250212865318
0.391426484168
0.815399661772
-0.109977695948
0.0183608934277
1.11148199644
1.22084788023
-0.819034408331
-1.35320819462
0.00611541078045
-0.135088856195
1.26602379995
1.66738434945
-1.46461587905
-1.50548828961
1.35751551721
1.66617771997
0.33115266586
1.24015487115
0.391102864132
0.0767418266139
-0.759191656936
0.355530927722
-0.264700152962
0.522404098637
1.52987941351
-0.204819880493
0.631659333126
0.669370531568
-0.504265341138
-1.03745520699
1.10343078081
1.76730621832
1.22421809111
-1.57333291126
0.388007074067
-1.0159323761
0.517020205244
0.399164883056
1.40553211741
0.0811776748467
0.132255167559
-0.331787117984
-0.330028015535
-0.348267552296
1.56123834418
-0.63053644072
0.677343609078
-0.915154274233
-0.000522642676253
-1.7776691684
-0.523330558917
-0.455385656264
-0.192772380111
-0.289762459041
0.867415637665
-0.407530555053
-0.0427642267853
0.328216941292
-1.29518200837
-0.693287320549
0.820022132154
0.485697198224
-0.451720294829
-0.715948719497
0.456000208558
0.130542594734
-1.15786516578
-0.384350243997
0.445655956593
0.16527332234
-0.446216849961
-0.993435850765
-1.13375835244
-1.48245703143
0.305272151705
0.154151424175
0.111336014004
0.619007598338
0.941084457541
-0.466216386091
0.168765728867
-0.459736214413
0.275226617756
0.38242911374
0.361347176319
-0.283670471753
0.999034093829
-0.572920600706
-0.195983583425
0.83510816377
1.69039482635
1.72400429052
1.54231958825
2.59603169868
2.37526546421
-0.69200406033
-1.24577833861
0.277099099781
0.55298221929
-0.644446031955
1.17575027449
0.537257174469
-0.0449434545604
1.39759535488
0.997154310111
0.568404123211
-0.663742457119
-1.30905116638
0.715749270887
1.82929011258
1.61749824972
1.56126776573
-0.977498489938
-1.51621924995
1.20866022816
0.684544595151
0.359105635658
0.266103420472
1.4529816294
0.210322691351
1.4847961316
0.993400665749
-0.171784692374
-0.47143278082
-1.16749224053
0.7611245496
3.10187621656
0.224615063161
-1.25095501733
-3.15797445754
1.78917374378
0.29621215175
1.75595640264
-1.18691532919
-1.13757018869
1.35407665115
-0.680989188953
0.69183273079
1.98789725299
2.04819946479
1.2165493835
-1.49104059711
-0.190311616871
-0.496928095506
1.4871970824
-0.51149707228
-0.85163177215
-0.440701199207
0.384089564571
-1.7538947382
0.810474116046
-0.866161297064
-1.27638951637
-0.437329295489
-1.18365300418
-2.04917621896
-0.747381163215
-1.30383363806
-0.0190093066979
-0.310741340924
0.890026299788
0.728163576866
0.0428991382319
-0.943930524553
-0.917782069652
-0.70130214906
-1.20742530168
-0.206246535475
0.88872076024
-1.26802434997
-1.79919244897
-1.087571005
-0.0518983884139
-2.2019836336
-2.1094734885
0.0826964292466
-1.33939100228
-1.29212551427
0.641346783425
-0.53648691134
-0.533420493685
-0.934793927195
1.4178503498
-0.157387161824
0.211170456248
0.120829193139
0.912256670892
1.15738576772
0.70006340299
-0.0500655484313
1.37199251189
1.15647286318
1.57412320535
1.75579765413
-0.122606734026
1.51094833764
-0.918907933062
-0.62285778845
-2.31537743791
1.38356921206
3.1987896364
2.76879347576
-0.171444440707
-0.0709012019358
3.1000695104
1.21816522396
-0.0716273076661
-0.118914836652
0.902075880578
-4.39325384535
-1.08096530754
0.293811041379
0.878262196198
1.24207367055
-0.891257679006
0.404387096805
-0.880583229305
1.49870875593
0.696737052736
1.78762820994
2.61156219157
1.42167158415
2.45867719084
-0.357189034974
-0.422367094952
0.78943508773
-3.37858375313
-0.71764196197
0.321328541254
-3.20567131795
0.923941474154
-0.376708941494
-1.83329003603
1.01410218797
-2.43506197683
-0.773034427303
2.82412186062
-2.0891319679
-1.20875577327
0.0807434232575
-0.102531566908
-1.41267960578
-1.5430985416
-0.26639142115
-2.3829565862
-1.92817122029
-1.43456955399
2.35792033053
-3.16389971607
-0.51062331661
-1.248871845
-1.23100758583
-2.70016909716
-0.776296154708
1.92389787869
-2.81441051799
3.36130175895
-0.100694031172
1.53097509089
-3.10919678927
-1.8597459215
0.394334633742
3.66723597339
-0.962741858889
1.60413552076
-0.665932466195
1.71893880912
-0.31130260772
-1.20814646088
-0.880484831626
-1.2802092377
-0.553858631217
-1.57578483172
-1.75007393479
-0.205284166018
0.584377508684
-0.692534797318
-1.00941438264
0.0705758612423
0.666660918091
0.0948131992217
1.66865730689
1.53009523744
0.951684193343
0.269684622942
1.22840918346
1.42718018934
0.346815024215
-0.617912961064
-2.14545504288
0.454283261461
1.38850423959
1.21687457844
1.2850896112
-1.87009703933
-0.988922323662
0.112914649215
-0.659014924076
0.258569974694
1.50644251954
0.223925156091
2.36438674448
0.627335886509
0.48784032326
1.7169281344
1.33807517666
-0.0557904942849
1.74993366648
1.49619311538
-0.646106644503
3.61915063997
2.74295731439
0.675225320061
1.40435763285
-1.39322275758
0.844315258204
0.209040017462
-2.64019194103
-2.67389712439
-0.947166041069
1.87053372139
-0.34983770519
1.37655293187
0.650528938451
0.786634035938
-0.0373572524376
0.236246013866
0.560489165567
-0.523719011238
0.0879016527585
0.573430684383
0.220625510281
0.0640229359786
2.2336881338
1.07518972722
0.550776598802
2.68721653792
-1.7060230683
1.54954218895
-0.386294702502
1.07683700894
2.06774774298
1.2079597917
3.9784942104
1.73520723439
1.15431805372
-0.0583353334502
1.7137670162
1.21382239599
-0.785671352418
1.95125103713
-1.08413709456
-0.674136249541
-0.901947590114
0.607066439665
0.132500916766
1.89588902563
3.14939456482
0.85515324669
0.849750505313
-1.34777026467
0.341403029216
1.16631096289
-0.664872271956
2.67279301975
-1.02069552656
0.0683225355046
-1.29235617087
-1.53207666752
-1.43494264809
-0.829536105227
-0.630964449953
-2.07158996418
-2.18546536861
-0.118049789433
0.207075320823
-0.500407375139
0.167058553728
0.304813427365
1.4851423235
-0.137504279937
-0.841984875684
-1.11276832664
-1.74640337662
0.062522908321
