2.91727922206
3.21854350194
3.19957877022
4.25057829114
0.0754752907841
-1.89495423917
1.21627135972
0.3610501198
-0.415023835861
-1.48343658844
1.49115230155
2.03752998903
0.727344609521
1.37064853586
1.92566573016
1.48181272174
-0.247550812905
-1.37168023405
-1.53088748928
0.174171256846
0.586097171994
0.650664290111
-1.50291387334
-2.1746037168
0.195956506779
-1.36435036948
1.33962051494
0.461867507658
-0.0480640052947
-2.77903656486
-0.0887016198582
1.02300491292
0.208560640293
0.496260979191
-0.926803726572
-0.497904831543
0.473001561881
1.02486684127
-0.691443743472
-0.942814817859
0.447577333048
2.4230115761
0.324123800503
-0.565765028337
-0.750088344652
0.698586989054
-1.21579671316
-1.07121455989
-1.7643101395
1.32674287467
-1.21219365311
-0.264021997681
0.275238073489
-0.261944572393
1.00395130428
0.794081555105
-0.348077305414
0.053839245907
1.10279360047
-0.45502589511
0.102852376871
1.86150033641
0.899230298584
-0.306721895477
-0.552769486668
0.0676848467536
-0.237655774588
0.0770545785212
-1.8139836987
-1.54151799089
1.57046856499
0.459694100892
-0.936407002092
-0.713512424196
-0.125286525691
0.243717543171
-1.64071779675
-1.52767522688
-1.21984921953
-1.84909490298
-0.101704796812
0.0259562171626
-1.35962470662
-1.53788286598
-2.04387558545
-1.7413735723
-1.35838440499
0.911592131481
0.0415230702455
0.851292729245
0.0331031322952
1.34081052235
1.27020066987
-1.21788570143
0.298380702941
-0.542252808722
-0.125245300166
0.134241454488
-0.052304654499
-0.375513214142
0.0838627859909
0.874747065548
-0.113096870962
-0.598077007932
-1.51599593595
-2.20912514637
-2.87010135554
-1.07499603081
0.591418036596
-2.34275910392
-0.229852919969
0.392969871345
0.9596973463
1.6701506269
1.08557302805
0.884568894065
-0.659217105335
0.96366464716
0.051476479324
-0.4842990771
1.59577775544
1.67478335676
-1.14823872826
1.21092921333
-0.63206750454
1.11241645344
-0.17673181122
-0.0376194623429
-1.11062177427
-1.70510821521
-1.38814498198
1.64279594888
0.241082631476
0.620134571091
0.344576322446
2.18802776068
1.02656899458
1.53823164705
0.812670434151
0.565861577817
-1.53322585245
0.430929398425
0.915369678336
0.800389531642
1.30780661022
1.04416584122
-0.383046905573
0.740212430738
1.45211963598
2.11292586846
-1.41220371265
1.29815519223
2.63386011016
-0.0947257388208
2.24300011164
2.32449798102
0.45409146543
0.234646568489
2.32642513555
1.20073786427
-0.803949454454
-0.545653596626
0.300410289842
-0.197543934741
-1.54947806746
-0.248004131453
1.17761478219
0.642028409149
0.69300650919
-0.256306166733
-1.94789668256
0.144058097534
-1.1584024558
0.753926595524
0.350603309186
0.201878137482
-0.574301400144
-0.943074094832
-1.81415074242
-2.39915774799
-0.605890220683
0.232185286632
-2.05613133746
-0.554177459826
0.541847722691
-0.277818916782
-0.260770701604
0.00620339939233
-0.192600460922
-0.337057793715
-0.753025008321
0.848554377953
1.0819227188
1.26114102419
0.287550126624
-0.769007334955
0.0777384864122
-0.392614926264
-0.154952221698
0.792104736094
-0.590321601135
0.202979177858
-0.726197284413
0.376221227387
0.239886886533
-2.51269539565
-0.963325276678
1.10197506451
-1.3613618906
0.29501795795
0.556449615836
1.24607682156
2.09686282142
1.63529109308
-0.446185396045
-1.37877212494
-1.36338282194
1.37217277804
1.03426828864
1.09955651631
-0.428451725001
0.747355429113
-2.15934236314
-0.0542505931813
-0.768164387731
-1.72007530637
-1.70999665761
0.0626442273116
-1.2014163902
-1.2415495692
-0.467424190431
0.696831247589
-0.0104538695541
1.03444849286
1.37862564377
-0.096286693323
-0.210218277288
-0.3458761785
0.0218838795901
-0.347998107484
-2.72891862071
-0.15668436397
-0.0728539448238
0.34052482842
-0.469019265058
-3.07770997271
-1.97704220561
0.57388053084
0.210805989283
1.12077259121
-1.84421368014
-0.284718016994
0.820374780264
0.589264395853
1.48099366462
1.96198456779
1.44430078446
0.176883033667
0.337451234474
-1.87266483457
-0.23723909788
0.075584785623
-1.81821197274
-0.700358383118
-1.10590319102
-1.28424147612
-0.0622297528109
-0.550670902037
-0.208488666493
-1.6545808919
-2.70179542643
-2.60817377223
1.11322229234
0.203898970255
0.216756831472
-1.49679813278
-2.16196576729
-1.81810133063
-1.36049540358
-2.34616739712
-1.39251963277
-1.45675852981
-2.11239922941
-1.77031880493
-0.875554014832
-1.75908810166
0.883137335593
-1.03239351501
-0.727808869672
-1.06381967077
0.0727743345475
1.40266406111
-0.358309793335
0.331990337552
-0.257691471409
-1.86902623929
-0.746462245002
0.0105867302648
-1.80938719815
-1.49318847497
-1.12621683118
-1.14564352197
-0.870155720499
-0.972870449497
-0.894276500239
-2.60789599686
0.535708056934
-0.272466063351
-0.520563625114
-1.04255710794
-0.28523644807
0.872098471742
0.317625850395
2.36151615483
0.319487460653
-1.22447973976
-3.67816231323
0.208611913599
-0.135646871328
0.135745031606
-1.38713121012
-2.15231614256
-1.789637939
0.486295247888
-0.613322976426
-0.235025609145
-1.74094888758
-1.38069111236
-1.20426323604
-0.612916653433
0.959071712764
-0.0585103334811
-2.19786453818
-2.26714492663
-2.53162398111
-3.04127416958
-1.93429669744
-0.235995301574
-1.52157523132
0.0835701626504
-0.875615358705
-0.879448733576
-0.200955693356
-0.879194746464
0.32362490725
-2.50058476346
-1.94665490349
-1.07247216641
-1.92738697608
-1.44505375105
-2.95288768732
-2.30468169989
-0.243531824997
-1.51595958716
-0.996823850469
-0.25725878633
0.0946638380329
1.38761743298
0.399606034528
-2.87145861931
-1.53525152993
-1.6231571114
-2.03210829024
-1.59367549088
0.111930145059
-0.506303526006
-1.07464122321
0.399560062346
1.32529670455
0.222027686217
-1.755123292
-1.00010396123
0.159543227655
0.920354113116
0.477691263016
-0.759790024418
-0.86958428594
0.804056032175
0.224522554164
-0.473428623024
-0.884410020018
0.0114666909256
-3.56100264456
-1.57205645949
-0.676729929861
-1.95250633899
-0.905949709117
-0.779979862746
-1.90378175257
-0.282167085162
-0.321689038286
-1.24184269638
-0.816718044451
-1.58367112876
-1.89320376635
-2.47783400384
-1.45607091492
-0.14336004848
-0.903322082229
-0.443559492539
-1.08691603745
0.410618794047
0.559012252666
0.518400521757
-0.808276615749
-1.59279867902
0.354572862548
0.272354498644
1.35622299748
-2.29878290821
-1.22274040332
-0.508796463489
0.121864641756
0.899451396336
-1.22337238066
-3.27729571395
-1.22056762565
0.383614234215
-1.53215161955
-2.58603885677
-1.11493506398
-1.58826175428
-1.39671942028
1.29324960216
-1.24802353926
-0.871590335816
-1.40073661297
-0.322394681568
-1.3562789816
0.069596579863
0.523468740265
-1.87969466383
-2.24122203531
-3.14737108561
-2.46217116603
-1.9620113568
0.223759986537
1.59517508158
0.590937554484
-0.64567987882
-0.23998142996
0.505677137404
-1.44124680576
-0.855183330211
-1.5692234706
-0.973191548955
-2.04241069618
-1.21779989508
-0.850419533422
-3.05441732494
-2.36409233551
-2.93600154766
-0.249686780251
-1.46471644516
-2.23363572141
-1.29845263876
-1.40709906038
-0.321964517684
-1.72164775432
-3.86975685221
-2.69066240696
-3.08880958489
-3.93496766938
-2.72532703204
-0.345581638177
-0.730062290324
0.767513235312
2.11159372189
1.835984331
1.59052490897
0.619059270043
0.919888294526
-0.805153514674
1.42950266896
0.817586818592
-0.109325784998
-1.24874281542
0.760299898481
-0.0508883208914
-0.35532085886
0.38923843873
0.236674292362
-2.19827977972
0.135240373878
-0.838122372687
-1.36683577547
-0.370154305458
-0.91340003921
-1.55210302289
0.532272246049
-1.04502031603
-0.243598247253
-0.0774408285861
0.571915347592
0.331197955332
-1.81200555778
-0.143594964466
0.238042557871
-0.306394162114
-1.78367114264
0.12365409228
1.31812619658
0.75433697537
1.45314469301
-1.5202821267
-2.57634667577
-0.242928262847
1.00332928432
-0.340201987468
-0.888042300816
-2.31902939531
-0.974887879519
-1.05593468615
-0.9924716536
-1.78482873467
-5.01887547976
-3.69708544083
-0.198226931267
-1.37735199579
-0.796753141891
0.289167028656
-0.0460351867435
-2.12109775978
1.52462441403
-1.67179285045
-0.811673770759
0.94455780118
1.73505946012
0.490935520644
1.53474902087
1.79788986981
-0.344194555234
-1.31201395823
-1.75741745011
-0.919884557401
-0.92841830934
0.501165718199
0.298918359935
-1.40992442065
-2.52157383676
1.66447031463
1.33919350846
0.264673253488
0.46818034
1.77268114331
1.20225950351
-0.663305829054
-1.45295946134
0.930978628288
-0.587225297106
-0.333746038983
0.291409331893
2.09026420781
1.54444239968
1.55401499803
0.852650398592
2.95085235341
1.2647707544
1.35875281027
1.90686863177
1.20125650887
1.21925548471
0.877752285778
-0.00636800812498
-1.17000474064
-0.756960169465
-0.689107652038
-0.94535322062
-0.644100031152
-1.65535803931
-1.81894674676
-1.45106973754
0.249815985856
0.874161785462
0.856730547212
-0.281338244277
-0.57175060528
-2.48991722251
-1.54034314534
-0.778370616588
0.766930851537
0.858490031392
-0.503842161104
-0.924195111031
-0.738000559108
-1.49644489972
-0.518981185937
-1.20566826484
-0.609029491133
0.550416387932
0.831892259657
0.249958416457
0.898982159651
-0.953768610873
-0.280063274551
-1.24492044014
-0.537146722835
0.710623413131
-0.322619224172
0.0941629202735
-0.0363304730332
-0.607927094838
-1.44035017931
-1.17956696212
-1.55003507398
-2.172239187
2.44773625226
0.559443890143
0.121322669734
-1.34089732531
0.383663630845
0.305989709957
-1.4999553659
0.09534308269
-1.32467568597
-4.17142710283
-1.40403678551
-1.17256609673
-1.2671165811
-0.110511353598
0.0803885078261
-1.82570879156
-2.80854845101
-0.41459572254
1.61379577148
-1.04419080968
-2.0919552432
-2.02191863755
-2.40058850011
0.552126190578
1.84554714639
-0.392679882164
3.36281748239
1.09221893013
1.20799710437
0.626138253696
1.08781568043
-0.398555785207
-1.16531202716
-1.04146534912
1.18594222678
-1.00210220314
-1.4518894679
-0.0925739584771
0.888651013142
-0.192183155106
-2.82157261604
-1.24734962133
-0.956194466343
-0.387586816
-0.472313068913
-1.56926244597
-0.682557108802
0.0491565442723
-0.560396346533
-1.15364611196
0.0695204970964
1.98615374963
2.81089286955
1.40853180686
1.21407008044
0.644026747471
0.0448856023804
0.0384770604158
-1.36177119489
-0.132722391213
0.203722989789
0.322689688371
-0.816136817259
-0.759269221436
-0.162922438163
-0.311699741086
-0.427157374789
-0.137506252646
0.573092578214
-0.719610774734
-2.00868109836
-1.13428645962
-2.88769874131
-2.30546409621
0.0638737575787
0.100099314047
0.914439185174
-0.308620261565
-1.56446999889
-1.61257324212
-1.22086962024
-2.30224792218
-0.549331449447
-1.31423689798
-0.257914212179
0.472632239846
-0.701497948505
0.186262671318
-0.997609206623
-1.44735741076
-1.28453437394
-0.482877041423
-0.925179672309
-1.30949298571
-0.394014466937
-1.18579978076
-0.18717896219
-2.2830852512
-2.23696743167
-0.699194485956
2.76671830387
2.90826284068
0.398223012247
-0.187490273078
1.03460574819
0.907495712026
0.809388717407
1.31536137712
0.0315818873196
-3.46886084175
-3.43433242837
-1.04553128671
-0.163034292991
2.49603470616
4.19380180885
0.438832594713
0.249018810188
5.62028863733
4.54961114497
1.32991059258
0.151064606732
-1.94250286686
-2.3103509715
-0.109043557622
2.22307954311
0.660455236546
3.05073928094
1.73615146227
0.870360846652
2.88167723375
4.23258808433
1.99080519703
2.61908064939
1.67379486231
4.60282464172
3.45459904499
0.424803272301
3.43006731051
3.6411280462
5.08917454814
1.84329065179
1.81446807901
1.50601793767
1.40975405295
0.922324182901
-1.18701762916
0.0696628460271
2.50650776137
3.38229435918
0.0481182821876
1.61102098597
3.00748897468
5.46006641338
2.91869603756
0.721717998167
2.67614308399
2.58989515276
1.77567810767
-0.147496008879
0.855884010076
0.908396781084
1.07391211639
-1.22232875768
-3.1067049523
-1.10478642555
0.194307660622
1.3746212197
0.355876534327
-0.636235096942
0.674831800323
0.84945569942
0.608010938072
-2.15217709783
-2.11756800543
0.135556866664
0.554670657351
1.34270275078
-0.0634924003678
-1.81905473294
-3.49146919661
-0.205971824881
-1.15773060113
-2.82938389792
-1.84723956798
0.703947404518
0.0778874000976
0.69406152169
-0.00596557216926
-0.86527276544
-1.39955605354
-1.11002376906
-0.324186359377
-1.44345146628
-1.01998391732
-0.676122914831
-0.924175398706
1.19865994719
0.854444069608
-1.62828286847
-3.58023070581
-1.72465013064
2.69839370176
-1.12774227125
0.449978003616
0.370578888081
2.44091641202
1.37840276848
2.89688880994
-1.40705902815
-1.20644873044
0.813433899332
-0.205272964376
1.27991523913
2.02566185805
2.31627560457
0.205833940031
-3.3494809164
-1.69415142768
-5.48125802017
-5.26881089074
0.524361964176
-0.64345253476
-1.22310106926
-4.58659179283
-2.55248845984
-2.45720514895
1.85114637188
0.166628137466
-3.60594730757
1.52005276547
-2.53598153131
0.187440659912
-0.606129084223
5.22790283731
1.09022939825
1.45326716592
1.79727803739
1.61785179208
-2.79617257715
3.81989306964
0.0881070115028
0.482350110903
2.91661956585
-0.982344742713
3.6761305361
-2.06007399721
2.19598167464
-1.00604948485
3.64307251519
1.24998688931
-0.0809708458954
5.9605807771
0.375052138171
0.000493894499015
-1.86904883216
4.45975297633
-1.46278047207
1.93105098936
4.91125632928
1.61594124696
-0.439888748325
2.95864820979
1.94492498702
0.446100460982
-1.46612370166
-1.477122005
-3.57736006546
-0.576879230771
0.640680240388
0.972669540786
-3.00697937846
-1.63856173844
-3.28573132182
2.83212260994
-0.175431374027
-1.37344008449
-2.49055131352
-1.47937296562
-1.08734547621
-2.51275495807
-1.3297245871
-1.40668630517
-0.318652419689
-0.076459403821
0.160830811842
-0.734846976031
-0.70102766898
-0.447018825303
1.0188393392
-1.36525723063
-0.931605942996
0.0391416217649
-2.48432593742
-2.45288611838
-0.130450433161
1.42637082594
0.513466061724
0.483224024194
0.0142802779504
0.815204010613
0.911692786289
4.00682174332
1.67000280952
3.71996074131
3.17599122346
3.72687916174
2.80620591511
1.75197253779
-0.962927900334
-1.97856773414
2.68628553146
1.49290256418
1.45811260606
-1.29259408941
0.541884373828
5.12420379248
4.20514874439
-1.05105147634
-0.968900949945
-3.51879175635
1.68184094901
0.798370105344
2.62874398126
1.62312106362
1.98380253899
-0.308345365748
-0.160277564381
-2.53056824788
-2.13112579098
2.7108537952
-2.10292769229
5.46608050946
-0.882719242201
0.919652807233
-0.731337035822
1.26679457273
-2.28301235996
-0.206078037834
0.231944259212
1.4056896446
-1.23044921897
0.245876023596
0.485352370677
1.81189621082
4.20934422307
-1.52594773093
0.841232400387
2.46217347703
-1.57889836721
-4.28775419666
1.32084604958
0.0697313470564
-0.622395931824
-2.87640951855
-0.227435900133
0.0658248744624
1.81602358654
1.18050402627
-0.813371130009
2.29992035388
1.30449641124
0.701073156178
1.31131975722
1.70801097771
-0.301965490223
-2.59864030387
-1.66514265233
0.7333206643
1.90042253127
-2.59620617838
-0.981681737638
0.0438891730836
-2.90694636592
0.522477297846
-1.58853766549
0.263168043851
0.848517976144
-1.53588645202
0.114242764111
-1.62081963725
-1.72081233982
-0.860226100034
-2.873006899
-3.27169795657
-0.887626900185
-4.04366259441
0.0923829487506
-0.576898123861
0.197109211839
-1.87309002341
-0.976246736396
-0.569951187843
-0.816535930559
-0.996970087393
