2.79866852012
2.43361568379
1.13882658423
1.63559242039
1.82758117598
1.13394257315
-0.812582917049
-2.17990627527
1.07458325699
1.71032209255
1.37855457449
0.36824098054
2.75192977064
0.414247361186
1.52603463267
1.21223545205
-3.19900101185
-2.99859224018
-2.78962759817
-1.99468781977
-1.60863900511
-1.42275920835
-0.718992292549
-2.11811768622
0.0834042674519
1.69982265393
1.22455154776
-1.19991147524
-3.88225024227
-2.76861637636
-4.51399588634
-5.47215084792
0.0287653162087
0.837482020636
2.01186146961
0.647887365012
2.12283658688
0.463801683861
0.888256221068
1.03120852786
-0.365273754619
-0.905965797661
-0.749752821867
-0.797737336514
-1.43664153527
1.21853906229
2.97598851414
0.0773664384661
0.147483407788
-0.042461778152
-1.14609460319
-1.68081653264
0.613863654255
0.470453697759
1.29308402401
0.86420671946
-0.161052853256
-0.351205812485
1.85082931969
-0.712517309013
1.04704938817
2.58438294125
1.23560309343
-0.4381708592
0.202134420897
-1.22643085736
-0.814780566012
-1.58252230501
1.39331804989
-0.318651829716
-0.535661282605
-0.801580066676
-0.834764054799
0.654388534661
-0.680876664423
-0.312395701506
-1.70054947006
0.000887873563912
-2.35995979232
-1.37984062861
0.303879655758
-0.497881746917
-0.778314045863
-1.18550806399
-0.80338467592
0.908799461144
-1.58828805964
-0.0997048970633
-1.13890977975
0.294843970028
-1.13486060708
-0.432389884098
-0.632801933812
-0.245934373961
0.433061852942
-1.87311477032
0.256518233201
0.443705548003
0.189388467268
1.81346401871
1.58152926038
-0.577607182384
-0.110895751085
-0.692426628525
-1.20740465315
-0.0902325793305
0.763419522619
-0.206852672451
1.9294568862
0.986640698048
-1.71040774567
-0.836127947759
1.77440676155
-0.502829973948
-1.18732729545
-2.10861358711
0.119783706912
-0.673058340533
1.42304791575
-1.0272587206
-0.905410218674
0.285662626481
0.995536894824
0.596294353185
-1.75495693214
-0.284798213423
-0.433907614057
-1.61171463799
-2.41701575044
-2.20532409974
-2.61693083367
-3.35228588194
0.959028324475
1.54803874801
1.37227929522
1.34008382236
-0.07852690296
1.11343069976
1.4695500364
1.04623767304
-1.36697696937
-1.21099109562
-0.822499015109
-0.0407309145861
-0.973905148418
1.21469313404
1.20481435764
0.530727590595
-1.77507530109
-3.53406902658
-2.19778364262
-2.4221320833
-0.372276863781
-0.495534546438
-2.42644014089
0.23173443835
-0.320759562674
-1.27400492919
-1.14072171161
-2.29932330158
-0.125357644984
0.176055682053
0.133601350583
0.323462234752
-1.40273322947
-0.324106219706
-0.425674546555
-1.15211854046
-1.37385382076
-3.23243316462
-2.8474070128
-0.80478442007
0.963651718019
-0.395592053982
-0.755197584137
-0.352645099371
0.20732933147
0.263349290202
-2.03307587739
-0.943283546003
0.723349881292
-0.879320800661
-2.89578506073
-1.79128684203
0.107742552459
1.25229496519
-0.796725913108
-0.871725450158
-0.765193878671
-0.925132803714
-1.21719759856
-1.95630690462
-0.218962359022
-0.0485737255042
0.878323520288
-1.744580435
-1.21553402135
-1.01673199573
-1.20333447041
0.831698194242
1.49961946549
2.47357082647
1.05743599023
0.505097740108
-0.240121256541
0.741907710337
0.544686989636
-0.842378699597
2.3927595452
-0.665041902995
-2.45128757316
-1.82167407536
0.590662404781
0.349685919603
-0.107666091759
-0.921683129878
2.80836596806
-0.39569248752
1.40089430484
1.99668145321
-0.0286394610168
0.973189532943
0.804893340874
0.445797912949
-0.611952236285
-0.174860521093
-0.851126972712
-0.483162359744
0.315816179338
1.86299271789
0.805284379897
-1.46876833763
1.38656174263
1.54347949839
0.104166279739
-0.29637417784
-0.115639511984
0.828754112561
0.16637639312
0.0174746362665
3.93687032641
1.15349900463
0.442364706998
-0.907143045902
-2.09517656281
-0.744023464157
1.48896700867
0.998432117274
-2.20332236202
-3.56298903993
-2.03466767727
-2.57691533192
-2.4668936628
-1.74937387174
-0.144576046422
-1.80400091517
0.0237090047467
-0.0910548165958
-2.01598512801
-2.29291275617
-1.2411322879
1.125727456
2.52533153583
-0.568671040493
-0.881863239279
0.0570831566123
-1.14754946575
0.322638287158
-1.71672377025
-0.945567017783
-1.7513796602
-1.28076894854
1.33849601378
-0.197330652573
-1.43503594249
-1.60134649634
-0.842609627741
0.0133539924914
-0.896749703873
-1.03336549349
-0.621530996902
-0.481426181607
-2.04590357457
-2.2956681899
-0.296666233769
1.51931393727
-0.548946642063
-0.308240881412
-0.837810906239
0.0695219554639
-0.94580012538
-0.41735157312
-1.19403623779
-0.0273098035899
0.708308045434
-0.392592860055
1.51482093474
0.111845244221
0.0803244369312
-0.128405496338
2.63808376492
0.561644796828
1.82142717963
-0.238699346889
-2.79024240921
-1.91713579651
-0.823794282411
-1.45380644404
2.59945058193
-1.50605204107
-2.26399069465
-1.28963013937
1.88765068791
1.33555495863
-0.217892106824
-2.04535720882
0.334795184048
0.187772211842
2.00064804693
-0.916821347431
-1.55955175705
0.411638887993
0.53041683347
0.698259108713
2.72725883392
0.430580893109
0.224183164316
1.91421920208
-0.591328446006
-0.817028311764
1.18864068666
-1.27309007115
-0.270228256856
-0.29431700273
0.89584734109
-1.08795379373
0.0860156660346
0.868827989144
0.638480984184
0.899927665789
0.746488362239
1.25690539614
1.34352245814
-0.40465314879
-2.00643224698
-0.27159599466
1.14727708487
-0.386761999865
-0.282865650678
1.1926724076
0.235737654652
-0.699159963809
-0.837624255339
0.0043089752196
2.10593903435
0.921172613704
2.43126957101
0.489831299114
-0.717677022536
0.347904958101
0.523586277516
0.303520922878
-0.408245754359
-1.73203820495
2.70011197513
1.12943934466
-0.0846483768057
0.551079029468
0.0161059124922
0.0438810846462
-0.910402655698
-1.76994767759
0.239444110303
-0.796388976515
-1.80869657493
-1.77325822528
-1.10455713371
0.697519312124
1.2597362146
1.96354284707
0.369461468592
1.09856933938
0.127331317194
-1.33958180532
0.448676704306
1.66074350869
1.45490187121
-1.39366183052
-1.8385079129
1.25173997248
-0.128959873797
0.0676430347325
-0.547637412176
-0.330067690712
0.548165391781
-0.042066319742
1.16158567336
1.07541314761
0.244350153683
1.14691811431
1.2874298589
1.22381434138
1.66866452516
1.41538117041
0.0247477507165
-0.253004178318
-0.580310384257
-0.907147561051
2.02820340873
0.343815723623
1.45924008454
0.881848418165
1.79048823664
0.852418865959
-0.704282310389
-2.43419351934
0.719992780739
-1.84986121318
0.49450917264
1.28574747227
0.115904848706
0.501498235223
-1.34689835432
-0.418767864354
0.395761749571
1.46744201664
-0.396050573697
-0.824863708022
-1.35378734697
-2.04947837926
-0.615583215674
-1.34921213576
-0.443027136813
0.297338553729
1.43907922985
1.7983538934
-0.42548128513
2.14081626098
0.7225864586
2.87182697383
-1.72165518355
0.742182998111
1.52752047622
-0.506394342279
-1.26334246166
-1.21846448782
0.330076579656
1.29544532411
1.65873116839
2.57647994311
2.99768799967
2.26274967727
0.345443978677
2.54957872985
0.814085724305
1.04254773151
3.64230417443
2.56782026296
2.33551956882
-0.104240129999
0.453921658742
1.63453340808
-0.866231133372
-1.81052419824
2.31824045616
1.73250990957
-0.175967119057
-1.05551176359
0.766553604124
-0.68153002547
-0.522642685568
-1.41307794537
-0.444503034291
-1.0774295185
-0.26686638661
-0.121096823978
1.58197921806
1.54757315204
1.76884005696
0.121066804786
-0.146711594775
1.70452005692
0.538929658241
0.257819004838
0.917408975543
-0.390293023268
-1.07674174793
-0.662104120256
-1.2279843952
0.352160600325
0.409293265108
-1.51708884965
-2.43574346187
-1.31636451897
-0.753345082358
-1.02611418353
0.777413039164
-1.61576822352
-1.69352698475
-1.44820094149
1.47005559473
2.24788792279
1.20801142268
0.953839436522
-0.129787130643
-0.595733634928
0.176523558748
-1.39101239001
0.0105842689048
-1.89056704093
-0.111675057925
0.140701037878
3.13256784265
1.76302532532
-0.394093208142
0.277996470178
-1.71451405848
-3.59884119106
-1.6603221048
0.80452079206
1.04686785705
1.58653346237
-0.0904901427842
-1.21329387774
0.634647670655
-0.430106688759
-1.00772164437
0.59940878391
0.819630495037
-0.0345448365377
-1.54720730982
0.307199346159
-0.565725670534
-0.854461996139
0.923502049097
0.701097539554
1.36197719359
-0.507508869789
-1.45904682954
-1.96158569039
-1.35101321845
-0.448964372643
1.56683412407
1.79248721408
-1.38072414059
0.0141820235116
0.863699888846
-0.797278242623
1.32349464921
0.219260242757
0.241039709035
0.605386535822
0.678857319427
2.86732936785
1.98166486644
2.55098621667
2.52805632023
0.475168462223
2.14001097227
2.25268717939
2.69778986003
2.60254371302
1.24416239694
0.74154932584
0.868737760737
0.92492407344
-0.591919608557
-1.56543846572
1.02141756819
0.52953654224
-0.218929292957
-1.75196024054
-1.29474627708
-0.95578441139
-0.536297885009
-1.41475939787
1.22506993122
0.0107952842272
0.511394636426
-2.05346174972
-1.29884911439
-0.889051767334
-0.589035652997
0.808218132547
0.186277678026
-0.0809758617124
-1.02592216314
-0.544466423925
-0.626568217095
-0.326354323692
-0.811521939263
-1.3526136786
-1.1156804186
-0.744259989297
-0.24233015234
-0.0911790751847
-0.0217582504292
0.257994253911
-1.22892112901
-1.77978178537
0.701043294871
1.14901153759
1.52895097955
-2.63931838447
-2.68141054548
-0.167770867758
-1.43749584924
0.0952659903553
0.823711138001
0.286340608885
0.374583380811
0.991707645189
3.25143347038
2.84685151788
3.07180814514
0.270771913536
-0.234307042586
-2.2779549131
-1.00074130643
-1.63335843982
-1.85559956306
-2.84371528077
-0.337615853055
0.150107216133
0.898246853699
-0.885294022948
0.796031121781
1.06054479329
0.684804479692
-0.115406402698
-0.434197120119
2.58495486539
-0.939805306203
0.149181377393
1.87324426501
-0.374615520663
-1.97060237723
-0.983569335963
-2.03447643229
-1.0234615612
0.301538001639
-0.335856976922
0.0551252295585
1.00154834653
-2.59864287566
-0.0918890105331
-0.148813274701
-0.704508944997
-1.45572513003
-1.82519580596
-2.41705748204
-1.97136646189
-1.55566078874
0.423838943808
0.2264517338
-0.800996658229
-0.0982206243036
-0.508976414277
-0.183744012792
0.345688263791
-0.974863961096
-0.804409145536
-2.08998947743
-0.326971459296
0.183168090626
2.05274156714
1.87189581071
1.59097542861
1.46251097599
0.0744586546645
-0.0534846779198
-2.85472123285
-1.21046472201
-1.27807606463
-1.83816120334
-1.68126126617
-1.50590501564
-0.468048738761
-0.151872081401
0.0481201809378
-2.20798489711
-0.833384219494
-0.231435802135
-0.421454669312
-0.688026752407
-0.778650872213
-1.63323399922
-0.682272970939
-0.180562335772
0.276219805244
-1.4925210769
-0.00272039290999
-1.23876987159
-0.342317642264
0.956666160027
-1.2383527841
1.6147018658
1.2985564354
0.0151821164958
-0.337139410945
1.28838629572
1.41186181495
1.45328370845
-1.51956439103
-2.42650518942
-0.102853259326
-0.498016706627
2.13451591934
1.6274204295
0.349779043585
-0.172932372451
1.36740844232
1.66325823261
2.38350123664
1.11612011627
-1.41583296662
2.69535730479
0.276970233648
1.93121755673
2.44716785863
2.09515454762
0.179537077982
3.45520901052
5.30618768742
4.66022681595
0.729559698822
3.52662101512
2.91545940422
3.62501914186
-0.843074862736
1.10284803912
4.58766420569
-0.0756328930421
-0.938339859723
-2.16529407511
0.810280648036
1.59629271738
0.821036945088
3.61555353262
1.54222209661
-0.374731502406
-0.0696256113809
0.986859497027
-0.969403122367
-2.87263799034
-1.84370058435
2.62123401952
5.16861992399
-0.103071272564
2.38161287337
2.40010584035
1.8535742665
2.55286117042
2.38155138334
0.995524284397
0.55628826015
0.577027616635
-1.55068125566
1.07635584505
0.969845001686
-2.46522936454
0.309828791839
1.73757871862
0.154768397297
0.00942515928593
2.85367988886
1.04185136747
-0.0528920296989
-1.39677514047
-1.83813429601
-0.758933992305
-2.40101147059
-1.99975769097
-1.81422436771
-2.06374722939
-2.05765400515
-2.64219730903
-3.90662088398
-1.33707297718
-1.13801919691
-0.526372630363
-1.0999754868
-0.940179290803
-2.20271477492
-1.35829816356
-0.941906374498
-1.67665260293
-0.452115220378
-2.10040573492
-0.23103888631
-1.30606982145
-1.96123684231
0.270953360381
0.7406570946
-0.129865969162
-0.579699213813
0.754062622358
-0.374821993184
-1.14820203063
0.313528643734
3.0311625694
2.5262814309
1.89696944441
-2.62046394851
0.68940715725
-0.602360306079
0.203647407126
2.79321360091
1.25414402942
0.465640997162
-1.26713437606
-0.155691112699
1.71758781472
1.52177109593
-1.76612385352
1.18951156686
0.416753865772
3.32272893661
2.87244662483
-1.4665994546
-0.399980844155
1.98435217399
-0.271770176257
1.20576196471
2.14606257487
-3.1063898471
-0.88784537888
-0.589126595278
-0.717313129409
-7.70104298885
-0.266963577657
-0.936160523815
-2.69700173477
-3.62894551559
-2.60724093918
-1.46985636881
-7.70371253498
-1.99197848299
1.47007072287
1.46382003132
-2.44106915654
2.11104671183
3.4225422018
5.59648035795
-1.09847799419
-0.0353215700367
1.2288257859
-2.58002164569
-3.77416964165
1.14443413441
1.03810597197
-2.39752965983
1.13775592406
-4.92202338365
-1.95090511007
-1.4878842808
2.69431628558
-1.95874850649
-4.52588187709
-2.43924234551
3.16088422311
1.86282335825
2.79556767467
0.786936790046
-1.71021518539
-0.220160058783
0.188224532647
-0.41237002636
-0.471203814435
0.293933863208
-2.17770506875
-0.0584020337553
-0.15430145494
-6.69842102724
-2.09866463322
-2.01435531494
-5.51979393857
-3.15848586974
4.74609866937
2.73006482388
-3.36948958457
3.35685531005
2.61842244278
-2.1917318694
-0.422896923789
1.99574094401
1.02801803649
0.757040660393
0.664376114217
-1.28365398322
-0.768564812822
-0.598395672722
-0.208893108612
0.429324113258
1.2068669143
0.166215411644
0.986285097301
0.467784173169
-0.553191980353
-0.523393097047
-1.41980397002
-2.44437830018
1.97340350687
-0.676771492938
2.09028899502
0.916967970916
-0.827185497892
1.84093919686
3.94185630301
3.20494520058
0.506934367843
-0.52210992535
-0.701514469765
0.684818863836
0.859215801379
3.58897969287
4.00618489006
1.14090570567
3.51359044762
0.597582200048
1.14018257785
2.54824555818
-1.38985622186
-1.52074103367
1.73449961764
-4.90603334938
0.110971062649
-1.98887167115
0.755039467616
0.702520672484
-0.190544489565
-1.03509232836
5.1796512506
1.48843641551
-2.50244096396
1.18955439299
-1.55372058761
1.12972082859
-2.1204094604
-0.592602472934
2.29686982636
1.96170966116
3.92418963684
0.647175408735
0.317853226342
1.47984668438
0.922680916664
0.376028391582
2.49380928804
1.77960568222
3.51493266772
1.29803092727
1.56001325507
-0.223357492774
0.877666849393
3.77449659796
2.31892596956
1.2354813945
4.43752174192
-1.72895807868
-1.59900172556
-0.675797873373
3.02536294952
2.44171537248
3.38446441858
-0.184524121526
1.80749436423
1.19031351758
0.11468050437
3.99181892024
-0.899497690954
-0.0977776538388
-0.424177612443
-1.49925677459
-0.427199094266
0.523862454557
-0.0991224622444
-0.572570293763
-0.11250424241
-0.506088779022
-1.17974812167
1.07833948221
0.98645938696
-1.99908835652
1.20149518792
-0.476324140939
-1.15068225751
-1.05582604449
-0.301721837024
-0.515242464706
-0.0443174840232
-1.16356511264
-1.88541194125
-0.611727426995
0.965209002495
-1.23428179714
1.01216725251
0.0417506245518
-2.01412302374
-1.36366528169
