0.157668904851
-0.535439324976
-0.937243727569
-1.29322644779
-1.29912523158
-0.644967233904
-0.626250858097
0.378460064087
-0.445220440483
-0.491635615551
-0.60311106431
-0.883830019135
0.682479687015
-0.719379583049
-0.770815066897
0.921522987514
-1.02041777731
-1.58327954742
-1.34647402653
-1.10747034251
-1.33045409964
1.07665761454
1.64229318499
-0.607491416743
2.72609321018
3.09149219193
2.21274517717
-0.180980779531
0.280506539985
-0.493816290954
0.831539117381
2.00478617955
-1.26063139272
-0.984568614205
0.190457898396
-1.08163667513
0.211268696001
-0.406696632149
-1.97592611872
-0.310965746437
0.0451382951851
-0.515052460617
0.468406900823
-0.0413440332168
-0.421839373883
0.0645917647298
-2.81586742312
-3.19002300014
0.849593565819
0.119890870775
-0.599942007433
-0.228062997371
2.33108336508
0.0544987359991
0.70643081583
0.458418759093
-1.64310193071
0.783325679634
2.03324878679
0.880842879707
0.0811656141823
-1.60615276422
0.0969614549314
1.13973646571
0.880276611563
-0.387774968814
-0.702038644953
0.448526847222
1.4450367747
0.450421004489
-0.816458698508
0.990876610173
0.870118462738
1.75920992403
1.76087171344
1.2833036395
0.579756869116
-0.477111865888
0.000395461522563
0.72580235252
0.642645100109
0.210777733426
0.400388439847
1.51435340458
1.23149578232
0.343160334608
0.0173586958409
1.05464873366
0.18309424698
-0.187617828364
-0.606995552348
-0.822372337098
0.195362262329
-0.249134309021
0.661869285414
0.141910244437
0.6603173694
1.36069091754
0.271704731705
0.309199363174
-0.434841044622
-0.284094962715
-0.0323891888811
-1.46319147916
0.372507668133
0.955268604047
0.656911637529
0.426633118974
-0.529692561306
-0.277345299899
-0.374627137795
1.1790708424
0.70192610121
0.270926240082
-0.724571065404
0.785395929292
-0.292141978821
-1.09941946978
0.105269185182
-0.106236477932
-1.25518511135
1.19807505071
1.53000819415
0.979703305284
1.45315206938
1.14286226815
1.52149331215
-0.625781382697
-0.773356171367
-0.140856021792
-1.17024467341
-1.10291382243
1.16764124816
0.873516597187
1.28050511117
1.53514397994
1.79123786898
0.316126989814
1.4589673907
-0.0217003520792
2.07747125271
1.66991783509
0.897320039186
1.49144095441
0.718700649651
-0.613261392603
-0.111001809632
-1.21912118019
0.947046856501
-0.0742065068993
-0.12567146266
0.972650522128
0.403723164686
0.338453057425
-2.0539467564
-1.04341456478
-1.61106850244
0.166569225493
-0.0557998657746
0.0887155262655
0.581896015617
0.244900618877
0.940269369621
1.71019612225
-0.698440197241
-0.630400567919
0.226432870483
-0.0212682412732
0.78810571688
-0.549001325663
-1.48844812231
0.209115511654
-0.926238289534
0.371613062576
-0.240857629448
-0.921857878411
0.0378074748326
0.244724706744
0.740888231509
-0.0580420788531
-0.46018227001
0.606837469687
-0.89401361562
-0.572823802313
0.234850586005
0.974003876968
0.541144812358
-0.108971311957
0.81849068647
0.448482573108
-0.25435413828
0.653371409603
-0.795199306489
-0.17975502665
-0.697209171984
-0.968218798202
-0.576115514569
1.24198392367
1.61836177862
0.275141523848
0.422307225984
0.750962933133
-0.258402037557
-1.79736385122
-0.962438357299
0.085717023353
1.43362366911
1.2071609293
0.858309296679
-0.74656286937
-0.874055538595
0.677372301007
0.961059767455
0.244970589268
0.646766352572
1.7743910021
-0.795633461765
-0.663877205919
1.21059901816
0.398647146394
-0.869255386501
1.38458640569
0.0244543108077
-0.33349972106
0.257776038335
-0.75172679235
0.819290435934
0.400422775204
0.333904907292
0.0299549378964
0.323892159967
-1.1324361554
0.215909282238
1.76796587397
0.134028140021
0.424318820424
1.94542245012
-0.21637644093
1.52977316321
2.45338151669
1.71242541617
3.35679629261
1.78416023766
0.900625945938
1.51465381998
1.14891299691
0.558355431475
2.20271073468
-0.245435726566
0.851704625982
0.298848539339
0.309010426189
0.897995989537
-0.793782036774
-0.720552503757
-0.440771732387
-0.658194360307
-0.426420558799
-1.91621275856
-0.180103460241
-1.06237400548
1.16788918814
0.0637551819826
-0.81682124106
-0.675320669331
-1.58732050974
-1.20912159444
0.64283180894
-0.0991293806596
-1.37682265067
-1.5367825509
-0.00548802213516
-0.00202725203101
-1.58324197017
-1.61614610105
-1.57256796391
-0.42132377133
0.0418395964269
-0.905259032278
-0.860636642429
0.382318428814
1.26961938351
0.139456232822
-0.44042744092
-0.457810157519
-0.431327176192
0.551610513813
0.673844898914
0.880455983327
-0.904518014563
-1.25328894407
-1.24860339517
-1.16218412901
-0.277908700217
-0.37612877589
-1.75224578658
0.12772076781
0.0557022987041
0.083221399559
0.698230254489
-1.76807409803
-0.305298909685
-0.82491098858
-1.30675935577
-1.75329688684
-1.35433493869
0.298177309114
0.539420217651
-1.17706654879
-1.47726764342
-0.353961669955
-0.718392113561
0.543715398235
0.634167750389
0.0477456074332
-0.809855468625
0.214168253546
0.853772416864
0.57445985544
1.13140389992
-0.750077121705
-0.108977342567
-0.647338138507
1.18935276619
0.953280620775
-0.860698784727
-0.687602730727
0.33705514113
1.38284098599
-0.480957639921
-0.110893617348
-0.174487177997
-0.757270504861
1.50583881738
0.5909388579
0.591886454474
0.593721092827
-0.36141734241
0.309524537622
-0.15188041848
1.24679714892
1.56172272653
1.88642759248
1.75400032613
1.09234749311
-0.501227183137
0.73334066103
-0.414383377652
0.251888946077
-1.11686395859
-2.02176276849
-1.05896171554
-0.75301494166
0.588892748199
-1.43822468065
-1.25412077705
1.13234373039
-0.776145359501
-0.781646016386
-1.91823969237
-1.92971908473
-0.509296578752
-1.73249834232
-2.30644098014
-0.786167352288
-0.345195549866
-0.651101631185
-0.370715049131
-0.748131446829
-0.279572096265
-2.41527973705
-0.340636055725
0.328093208877
-0.149769431069
-0.874693973765
-1.62541391303
0.27696426164
0.552505129636
1.03981567445
-1.24241002059
-0.688344859551
-0.11525097421
-0.111035056048
-0.984045767357
0.240017053447
-0.911747669076
0.240204460175
0.175626087975
0.842478062835
-0.0135143403865
0.506719044952
0.158108949258
-0.625987106816
0.147028093633
-0.0520167211203
-0.434297053276
-0.0263671555221
0.799455563804
1.72668772537
0.894136492893
-2.885134758
-2.26018240859
-0.933757970612
-1.01613041766
-0.58719142241
0.134706580126
0.840459267057
-0.695625980496
0.391234021421
-0.861505950592
0.195476579289
-0.172394108126
0.553018391306
-0.682309262429
0.150062844738
0.290819548972
0.189721371675
0.111545842886
-0.123809546
0.830478716892
0.221026961056
-0.27465237231
-1.02302697218
-0.649789278334
0.30267790681
-0.44394248444
-1.45792881324
-1.31916387844
-2.14912464476
-0.678150448005
-3.19804377049
-3.00644221552
-1.18691684585
-0.174861754542
1.44316808015
1.59207778398
2.1154510724
-0.667349190836
0.063602259256
-2.21672046141
-1.04380319757
-0.0654247331708
2.89943225288
1.60044009594
1.26598635448
-0.451358641843
-0.51494469697
0.414963143848
-1.06556003444
-0.440065862352
-0.163201393453
-1.35059863319
0.382941954251
1.35955708694
0.382251416841
-2.11401697844
0.93250183995
-0.461500945969
-0.824573129531
-0.419173514507
-0.10062270188
-1.04226411121
-1.51321341255
-2.19085749358
0.13170151184
-0.250963105072
-0.741686555328
-0.54390083597
-0.888485966032
-0.865496098978
-0.643238027065
-0.0948354062699
-1.58395403838
-1.05484733378
-0.175028365915
-0.476523522671
1.00728862021
0.89104088223
-0.280643720897
-0.685033748107
-1.48150477938
0.325784774157
-0.0740257443808
0.754871580003
-1.12278079534
0.59600920093
0.874597804451
-0.428607447701
0.563514548301
-1.06969782719
-0.518184132107
0.0356372252128
-0.588676564139
-1.34639177674
-0.219741901237
0.587652824823
-0.735084143935
-1.21105419959
-1.35415710182
-0.645331464248
-3.6819538169
-3.04865890648
-2.2817055212
-2.41287706259
-1.04686098741
-0.212540340091
-1.5459736898
-1.43848639818
-0.319948277202
-0.181714264935
0.990438907493
0.0847195680956
0.884191424856
-0.470615779515
-2.39252534857
0.830878517941
0.376207708719
0.391205586672
1.33660611401
2.11621426748
1.34039854766
1.1161200303
1.72410517335
-0.936625979245
-0.653180660275
0.531063749951
0.999860016539
0.190539309966
1.00836366672
-0.353007375422
0.174607222232
0.588471795799
-0.84575779757
1.78516257069
1.55330654675
1.48877881753
1.99076448126
2.1398595841
0.398006453066
-0.110268321407
-0.225827281292
-0.0845706764263
1.7201417455
1.87667246297
1.57370581436
2.92594288845
1.36253312577
1.50885943386
-0.813622858032
0.0262005621881
-1.80537618525
-1.2938678318
0.986792817306
1.5348369606
0.233166423904
-1.79014882074
-0.977169516361
0.159693750463
2.0503800864
0.863831993372
-0.450810064963
0.49293938006
0.568737836693
-0.271478960225
0.184944758181
0.883708784409
0.400375695666
-1.21848213255
0.901701642141
-0.670293447862
1.16975829713
1.56465153251
-0.465004719075
0.086884564814
-1.08366301872
-0.864445829192
-0.629748048973
1.0685408132
0.734627512148
-0.244876473267
-0.164117197643
0.637568825162
0.272797192838
-0.314891411939
-0.743423453222
0.525746010605
-0.693362583379
0.727212042849
1.24477071059
-0.162930032687
-0.246812845102
-0.248358630281
-0.30073377592
-0.260849297121
0.867851692873
0.444910383805
0.283650238812
0.367706113299
0.723110285354
-0.426401133462
-0.866088659021
0.108225119108
-0.0633025179173
-1.87814318981
-0.762576143166
-0.47716106394
-0.0510147411217
-0.00578420487366
0.473951331551
0.458412949584
1.23889576323
-0.0048231205546
0.531184742155
1.06295678108
-0.02734934954
3.32217736712
0.286086756859
1.1933511012
1.12538932689
0.681453388089
0.834819324701
0.456343992795
0.194161445063
-1.04188431086
0.105050286494
0.479395723127
0.950582292714
0.540662819583
-0.802285172017
1.24908958547
0.680423406767
2.08563266766
-0.1976924319
1.13078685751
1.41336266661
-0.468495336622
0.949811708242
0.094578209142
-1.47393136575
-1.23682851906
-1.72757605412
1.33892430736
0.190772742009
1.72169211643
0.277192145055
1.73664141525
1.37184309043
1.62533766704
-1.32468679401
-0.582229539858
-1.67944571577
-1.95800236378
-1.38395967047
0.414331051535
0.663735363906
-1.90857342991
-2.20836890243
-1.08610376964
-1.55314937656
0.170450308391
-2.4960522069
-2.65307235969
-1.52242617888
-2.35975458402
-0.645975849796
0.377275328827
-0.193654507728
-0.783164546619
-0.6815442274
1.45152191344
0.486748206749
0.412257654766
1.91671682965
1.92018142076
0.959222238449
2.10430190816
0.174995830787
-1.41350190504
-1.41614773901
-0.464831070093
0.604612171591
1.79565971606
1.35175432457
0.738499145679
-0.722993626414
0.476568127893
1.28170257334
-1.07131822812
1.26651518177
1.08594084757
0.341367244092
-0.119615105471
-0.430799874144
-0.0312179384594
1.32948144378
-0.197504073633
-1.27747655908
0.472313786923
0.682353325003
-0.239328941186
-0.00397093715526
0.467965296299
0.396583502668
-1.61136695683
-0.192134660295
0.201994588939
3.4415716126
1.93379239065
-0.471184637016
-0.80231986444
-0.698245480557
-1.68339912902
0.908682878014
1.08160895202
1.48838786202
1.57712098347
1.76591270385
2.03005433211
2.8124055711
3.46612324444
0.8903779537
-1.14139563772
1.29543283966
3.15112239934
-1.19079373091
-1.42943834011
1.26654438787
-0.68038730941
0.627605402631
-0.0956560886193
1.12432696641
3.1048095903
-0.556752678408
-0.391588664441
-0.713359671818
-0.767918002103
1.03445223123
1.09145462144
1.5380329446
0.965904489277
-0.16185774232
1.42244855366
1.19931295966
-1.05626015391
-1.4558079403
1.70556392747
2.13787756793
0.715617206771
2.11567324355
0.924453097583
0.748639074793
-1.52698901854
-0.432337087247
1.60173018528
1.72633622002
-0.239747228748
-0.693251747542
-0.143290926563
0.100191607253
2.44649610021
0.762889360797
0.0602574679355
-0.122701865156
-1.79799207374
-1.95082846826
1.63489465197
0.565159209222
0.144369412659
-0.732117794197
-0.102723380304
-1.43241395323
-0.102512587974
1.99719656151
0.624295775658
1.10112136161
2.22512688711
0.454275677474
0.43276301117
0.114750236542
0.675765632188
0.0734525881167
0.699300057293
0.184544867201
0.325918433569
-0.503779636314
1.18413553471
0.832187242916
1.95748471744
1.56411959482
0.937844316422
-0.418888410508
0.0579868768878
-0.508842329923
-0.827771951448
-0.475829050804
0.745869184594
-0.641782452367
-0.450450806248
0.447556012725
-1.57151301843
0.78979149764
3.44039107853
1.49431161424
1.0332101941
0.291487191836
-1.04592785732
-0.0308302566229
-0.0467885407826
3.07286916509
0.05698378646
-0.805006978927
-0.0733824765956
0.606994560162
0.605138821001
-1.71525774115
3.21467166226
1.43094545372
-1.34508975199
0.936616355302
2.30832970322
-1.27346510699
-1.06703783123
-2.69847274156
0.483969299566
-2.7939833757
-4.07467775467
-4.42408901575
-2.33980763695
-3.64983785364
-4.20436761061
-1.05265211737
-0.137710031973
-0.103821185181
-0.92390632361
-1.74161749095
0.251200019888
-2.08570892291
-2.91058141627
-5.33619591403
-3.91855728776
-4.34551186398
-4.15635654564
-4.03214384523
-3.54821953136
0.142156780241
0.481999164699
-3.04759439727
-1.61751141337
0.488709082746
-3.89735051732
1.53673011395
-0.563898832788
0.32238617234
-0.179672250795
2.07634287724
2.30618270513
-2.78268564203
-3.09823196254
-1.47460051943
0.828160616219
-0.39529331324
3.12071464542
2.96667534713
0.288359902241
3.13810136851
0.554755557913
1.3826594093
3.26139197533
-1.86743333252
-2.38809241562
-0.394454252108
-2.33424095014
-1.19388226891
-0.777643352875
0.132887965594
0.997512908372
-0.541682098909
-2.00058587088
-1.07939010976
-0.376090094419
0.599064255083
-0.22348032833
0.34004943887
-0.797756157428
0.873941833672
-0.426240657294
-2.09757540766
0.710009641363
0.0639638267591
-0.797944499844
1.07531552521
-0.769571024201
-0.249849886212
-1.57075543026
1.41386764864
0.722894161048
-0.190322783551
-2.4284382051
0.365853048069
0.0676795224517
-0.603416185313
-0.174987179942
0.190328227143
0.0246507591313
2.02402849327
2.11916863398
-1.27272405522
2.01987523905
0.264035286087
0.323169480519
1.0424932346
3.43579126118
0.526109759985
3.25806887456
0.402723833049
1.87211693468
1.3358850133
-0.465338126871
2.23585243297
2.31331743898
2.62658164849
0.916970942564
-2.17420558308
-0.212161473484
1.82336121968
2.5412102925
-0.809609571314
-0.821911919291
-2.22425507579
-0.947755338788
0.0423267132738
-1.40706149
-2.66375398074
-1.81133714652
0.233525006947
-3.22449686615
-1.8564963467
-2.97736492456
-2.88526609231
1.11875474359
0.207572505062
0.172618638969
0.803420914989
-2.03146050822
-2.10743941368
-2.14479517529
0.132915556291
0.426351790368
2.29178752351
1.9163049498
1.13500627153
2.01377683062
-0.00419973720353
0.0283095633566
5.00573210307
2.14118293777
2.32594948002
2.75109635847
5.51482431345
3.97825329353
2.6613132348
0.666953570895
-0.381567942073
2.93358494968
1.3875558588
-1.47774049522
0.171895168803
1.28045516396
0.709623063326
-0.494325297313
0.918034063916
1.05448495671
0.0702682375087
-0.743727821106
-2.1480442716
-1.61698480239
0.605951221354
-0.0414829067589
-1.81310936479
-2.17421671984
-0.786940864762
-0.570426978726
-0.702767082559
-1.65088186782
-0.0639978177828
-1.31994722061
-0.563127203289
1.49338143625
1.2549234184
3.13669138925
2.55218431482
0.840334050625
-1.58287672194
-0.176794700902
0.812568271156
-1.13311531542
1.45869065465
-0.621395760891
-1.56267078501
-1.41302081385
