0.117371736949
0.491697228564
-0.0391223421191
-0.872429063672
-1.81076288804
-1.58517802498
-0.00236466819782
-0.634202118223
-0.997111453467
-2.12801974675
-1.1402422193
-0.0965733282233
-0.378878901652
0.240676131861
1.43957152546
-0.114425195214
0.34251227774
0.303565385712
-0.503788161081
-0.751303778806
-0.602255523942
-1.11597045242
-2.07873684148
1.17081775224
-1.78264686298
0.0647762292422
-1.23174320124
-1.52312736827
-3.03091795621
1.20681084185
2.71916470669
0.910104957018
1.85870592291
0.695209620845
1.17299343468
0.414680699265
2.03174728595
-0.71857849742
-1.30844032121
-0.0178519872566
-0.939850340805
-0.331532427527
0.200816855863
0.508350619045
-1.43489134126
-0.840424356537
0.516932529868
0.862051404355
-1.14973594096
1.15688813857
1.45436261291
0.730523454392
0.165806601599
-0.0254631018199
0.60725071472
1.84340317747
-0.763048598045
0.989463012661
0.875349169657
0.365827559142
0.797479284632
-0.0388973687661
-0.568589669228
-1.46296399032
-1.09496686408
-0.0633427706582
0.692184654847
-0.801271045201
-0.293331849596
-0.571022411501
-0.846926116787
-1.0400940893
0.0114828345818
-0.502755999744
-0.0229731133835
-0.404369543137
1.19213756643
-0.10033117794
-0.635240942019
-0.58361504867
0.797590003001
-0.351703864833
-1.28794692096
-1.80134362575
-0.300278611612
-0.398646824378
1.93923891634
0.393083139774
-2.05754334083
-0.601503477132
0.788502675197
-0.221323139402
-0.230703138157
0.0233958532932
0.781876302119
-0.660014900334
1.00590697462
0.330326202537
0.139567455524
0.373730583045
0.83135780179
0.542809081246
-0.155280689104
0.347660715553
-1.07540129193
-2.02358457747
-0.382817376713
-0.625191324424
-0.0384800478502
-0.889789330911
-0.342845192053
0.211947224731
-0.978124063578
-0.419134286385
-1.3491383017
-1.0433057112
-2.46433027475
-0.569452033617
0.123161178893
-1.17608121596
-0.791277641004
-1.57776934526
-1.57332186871
0.637442931965
-1.94513764521
1.05280549948
-0.229093403899
-0.788641608057
-1.86736221844
-1.68243046038
-0.639605653121
-0.145506763061
-1.41806219382
0.232191344275
-0.540219391803
-0.209841718806
-0.681845349044
-1.25227851225
-0.725295800492
-0.483888681712
-0.0330375572927
-0.846057334678
-1.61486919765
-2.54289751388
-2.49200976231
-2.06394986173
-0.384442817784
-1.31313716162
-1.06229086829
-1.82552895889
-0.472814069073
-1.03309693097
-0.635616700937
-1.19350395829
0.147153044916
0.572362510857
-2.20570549793
0.173587807255
0.37672747575
-0.454755292013
-2.24063818651
-0.18090192156
0.0561242459306
-0.52766826514
-0.578471836391
-1.72839213129
-0.631667596589
-1.06701822814
-0.862952485516
-0.9279968869
-0.236831520392
0.556633687031
0.64596661812
-1.32141745853
-0.0639402732855
0.412604637756
1.48937367081
1.06697396616
0.168123349742
0.353548821877
-0.137525796851
-0.480246508353
-1.84457613633
-2.80073330565
-1.2818964091
-1.2210253361
1.22646794351
-0.977398233929
-0.116710177449
-0.368173948423
0.336992611605
1.08397253338
0.564434859386
-0.37440752004
0.956327248091
-0.366250460371
0.530169770175
-1.1604469007
-1.13148901159
-1.14582018479
1.97715178842
2.30677263821
0.26079140282
0.991742447864
-0.827239714028
-1.32304020588
0.143044677539
-0.743082119107
-0.582820546756
-0.272717351647
0.0491924920182
0.636796156531
-0.290715886923
-0.210536662499
-1.09489317969
0.932444894118
-0.0575910125747
-0.172546351026
0.340131587395
1.37979992788
2.01598632015
-1.04851811755
-0.733046124125
1.76519456253
-1.01542114221
0.628686974857
-1.05920363969
-0.587247551872
0.13012882571
-0.733851366612
-0.291843535097
-0.702484683649
0.761621344852
-0.0991732044732
0.000629174823017
0.724504669667
0.241407593564
0.788411588176
0.496264331544
1.12919777878
-0.190171213306
-1.34621168559
-1.29115963666
0.306721788653
0.316627906083
-0.769051728781
-0.29371661995
1.98881079415
-0.0730548591036
0.221569041347
-0.910824268668
-0.550605837453
-1.0248296026
-2.04410628736
-1.73180163141
-1.62643994244
-2.62592014516
-0.971279785793
-1.38841897997
-0.358583407295
0.0140871547425
-0.318991716443
-1.54567043632
0.480518657813
-0.616454054866
-0.240076103004
0.258896186328
-1.03154125489
-1.8127283971
-0.520753575186
-1.14306294687
-0.153667288314
1.6550294848
0.0016381794411
-0.158816661039
0.664484219121
0.659589788915
0.481803112198
-0.175966033335
-0.927558276492
-0.638258148518
0.395942860953
-1.17381162379
-2.30360857746
-0.3293996204
-0.628720642423
-0.785756713307
-0.757916423926
-1.37138794894
-0.0023851989059
0.865087016709
0.0171929499997
-0.569014322101
-0.233306864066
1.00880462592
0.054789871632
-1.83503406435
-0.546710268387
0.366780659531
-1.17899970016
1.7119747405
1.36218018449
0.179982544106
-0.201087228216
1.46024136059
1.01021843914
1.22363661378
-0.342837107967
0.11022114893
0.599284535713
0.219591125448
-0.547172275161
0.300705422148
1.20064357528
0.750033950913
1.92278169816
-0.0523332696208
0.522936005822
1.28522556079
-0.384431152124
0.191697156913
-0.274324899886
0.285376293955
2.48455988604
-0.70804682948
-1.50777729145
-1.0618672571
0.366862662081
0.803715952969
1.01684499364
0.525519355625
0.59820464785
2.25889001804
0.990238105186
1.50400397418
2.07700681925
0.817477968143
1.61453004268
0.327735645438
1.90161029028
2.37098415618
0.968064223085
0.808205655018
1.37603258353
-1.11128361646
1.16195553422
1.37746237943
2.26136818909
0.947305217953
0.527432849629
0.344674038144
0.252949902503
0.763323795706
0.0656202267964
-1.01894993454
0.46345205298
1.89770735697
1.55049686225
-1.67606524558
0.705083323386
0.459588294854
-0.436024720979
-1.92078863444
-0.910156076298
0.101512636645
0.453614904856
-0.332961199425
-0.443970385356
-1.39399796217
-0.487955535938
-0.13020935334
0.613821174225
0.251135917265
-0.583742589527
1.014154623
0.730035472251
0.62112179355
-0.900049252936
0.0186567613156
0.261963005902
0.945163473797
-0.458546391391
-0.986433935282
-2.12814819699
-1.28996055813
0.0755708661379
0.317417202165
-2.24198798408
0.300930751958
-0.551777115663
-0.85729660281
-1.56416771639
-1.71620878799
-0.606346844237
-0.201238756521
-1.90132244579
-0.921055085889
-1.10160031306
-0.934068155983
-0.368065894387
-0.00708397551449
-0.572980974006
-0.219696049799
0.0662989344443
-0.378373714504
0.40742071826
-0.738349368766
-1.2479430592
0.434207910164
0.0307740674852
1.65292605429
0.169205696366
-0.80970600818
-0.0817524135759
0.890973576401
-0.943393761993
-2.77502367011
-0.992748589985
-0.907061321884
0.160172909152
0.850799097928
-0.511150194536
0.320785345676
2.49981514768
-0.277235029082
0.631155201595
0.0107773505258
0.938945278865
-0.174708954022
0.31353489608
1.98680739717
2.41379999948
1.42311349324
1.50928976661
1.64492668597
1.6743705511
1.74658848764
1.89948706962
1.12516758721
1.75495046945
1.86926941166
-0.334170752924
0.773742511898
1.3633598613
0.773893151976
1.34381039946
3.26118216663
2.9588281452
1.16406618613
1.56041861443
3.00914099984
2.95854915345
2.19749408821
-0.0592549105148
-0.920195720442
1.41015296078
0.0305402974141
1.02551287949
-0.436371160413
-0.264222380389
2.51636400995
0.171410634609
-0.38058931253
-1.03215401313
0.986622291017
1.03664331506
0.736038119404
0.0873169236824
0.539848089549
-0.0856609193717
0.992456844283
1.57429034027
1.37221216255
-0.363781140323
1.17998669499
-0.215707321603
1.26098619467
0.124764039387
0.763703578179
2.47970267559
1.90809809881
-0.70393753615
-2.15547320311
-1.4660602683
-0.920712979513
-1.45268962228
-0.839120475364
-0.866376356502
0.130703846963
0.810547845142
0.430218908184
-0.256831653612
0.250756286886
0.552561731458
0.544301298887
-0.608681529382
-0.234506508446
-0.275421259207
-0.501853738438
-0.95248053983
0.494690570356
-1.02184234683
-0.339514235452
-1.70143971049
-1.96845418794
-0.776545661539
0.158280119541
-0.987073734328
0.445791648509
0.614742985706
2.21267678348
0.978501327062
0.227417216575
0.251039825057
0.876427003785
-0.222061216685
-0.880221201667
1.11257414648
1.05780847079
-0.113984275838
3.04696026436
1.45140136261
0.962915445879
1.19431028131
1.3743477196
2.25171435795
2.32267291827
0.609764376701
0.59626018788
1.14702160223
1.491427804
2.60274954052
-0.462197027682
-0.850822939108
0.840268945701
0.91294781
2.39993051668
1.50076050781
1.17126029287
1.96651754972
0.690229697725
-0.789487342527
1.04870504549
1.65266931761
1.89332536537
2.52655723179
2.22227721131
1.61035654479
-1.55241590948
1.11614283493
-0.139840316728
-0.610278698221
0.510050940013
1.87671163343
1.26440943609
1.50617435673
-0.0616227406333
0.656493679147
0.439831346558
0.459569856907
2.32575148059
1.16579789776
-0.583883950819
-1.62285380476
-1.38518353499
0.688261976377
0.0659189840559
-0.692483117065
-0.354220898055
0.341448248355
0.255076848894
0.0914388078581
-0.736907996899
-1.41911047948
-0.079285918629
-0.0223926659079
0.333818811906
0.709780285468
-0.441760082411
0.212935047244
0.874264811772
0.255255456906
-0.893577224188
-1.59725724579
0.322360495015
-0.264948258031
0.170772925138
0.140640381648
-1.46724790809
0.263898337536
0.209771140448
-0.991744734816
-0.139890431748
0.611175889869
-0.149124299958
0.223348924137
-0.940979147185
-0.930927570682
-0.772025294624
-1.22196345611
0.502185382278
1.65736430583
1.11531823689
1.10298630389
0.079229684977
0.0949332763803
-0.0711317752204
-0.481699155812
1.1771480227
0.508874908061
0.373155624756
1.80055341679
2.24315066946
1.28604996019
1.42270954156
0.984410992854
-0.701479591793
0.554076318116
1.06890115141
0.789830754217
1.24949259573
0.110093266495
0.16339183566
1.64830180225
1.56363297192
0.864782848475
1.33832299153
-2.50647708264
-1.07669059399
1.32085719513
-0.228283466281
1.44863182328
-1.73784937095
-1.4178992477
-0.64429949177
1.77057592102
2.12243514925
1.01973567398
2.06149552147
0.592552710169
-0.644950830563
-0.46606660773
-0.494886714362
-0.547750260066
-1.87336658096
1.20087552104
1.02834765695
0.653760257
-2.88912563066
-0.0415136013895
0.358230616988
-1.1219589161
-1.3681846318
1.35353251384
0.0503457226978
0.94888078975
-0.622510256659
0.623193604304
0.0564294167884
1.33403612198
1.19425894617
1.15099439974
0.627757315168
-0.526283444867
-1.18504361975
-0.429804054816
1.00514400362
-0.350934988847
0.447035246832
1.13479375073
-0.262164822529
-1.02946366308
0.0288727954552
-1.34502692008
-2.50750295223
-0.759769219392
0.952961096579
-0.572322128408
-1.45363027664
-1.34117641406
-0.326269876376
0.848540046268
-0.690975577372
-0.573594335666
-1.9197812282
-1.71491444341
0.847398547132
0.712135046307
-1.57808889042
-1.70912937178
-1.0116611367
-0.725635801498
-1.83759291795
0.10015366374
0.316840839507
-0.53044286381
-0.772948140722
-0.443738196884
0.846583141926
0.0911714751858
1.69921704778
1.14429877847
0.00997037079917
1.2660650753
1.15213603347
1.02798438895
3.0556043311
2.07383641056
1.13933725542
0.857772936056
0.20979123369
-0.760854507152
1.08975700769
1.1041843387
1.28098128838
-1.60352257316
-0.104606803222
0.431181527812
0.557728491915
0.528046116124
-0.922739055529
-0.499952729215
-1.05565343125
1.53854717906
1.83577655427
3.29506281462
1.8115932884
-2.64159892678
-0.984438793678
2.30971656131
3.24291554347
2.43386534245
1.00427352293
0.43047216385
1.44738177348
1.39001467483
1.81293532979
1.54001704972
1.55364951139
-0.495949257842
0.484906849765
-0.0978613772468
0.347311500344
-0.560765621344
-0.918219128257
0.0840124236711
2.70094662642
1.93811482651
-3.22613540817
-1.54796586605
0.488030607258
-1.37858749586
0.432833901963
1.86589421127
2.25460548634
2.46218129173
0.61251641822
0.419071020155
-0.625741418368
1.12293036164
-2.13021691107
-1.98463640069
-0.561251579359
1.28559775535
-1.24882916922
-0.0753953691782
1.91187909182
0.226002706194
1.11761561623
1.31445624767
-0.88941696544
-0.491230833846
0.182093948492
0.154317674864
1.00711278381
0.388348354637
0.0260378157091
-0.400166911517
-1.3075811003
-1.0188858882
-0.916677324023
0.0343443485086
-0.399389415732
-0.851030629563
-2.53570858296
-2.14669688417
-2.36680342379
-2.23315734532
-3.74955207027
-1.83622431538
-1.27468233943
-1.37139963605
-1.3414753345
0.777806637167
-0.477495898872
-0.957714202198
-1.34943021293
-0.638478831945
-0.119479082264
-1.04695027869
1.78361160894
-0.119171565053
0.0233200316354
1.02942049416
2.01440936929
-1.10196812811
0.263628924592
1.76946468757
0.362853976798
-1.34020189231
0.797441102248
-0.250276700177
-0.508638798224
-2.01923455316
1.81725790762
-1.54531194971
1.10599333086
-0.341710264928
-0.756467048546
1.2631688778
2.04096953608
0.995502452787
-2.58391381118
1.97946124454
0.935392755158
-1.60450698135
2.29450170177
1.40871705976
-0.524368727427
-1.50236608817
-0.527095183663
-2.32216429211
-0.309469106654
0.22663643793
1.46608664315
2.95610851933
-0.0641057615994
3.13494893303
0.0637775889935
0.879296511906
-2.38277145407
-2.42011873582
1.55552699346
0.56718037271
0.225894534802
-0.987337393092
-1.28991468936
-3.59839021257
-3.6674942118
-2.66963733493
-0.470286603467
-0.103211152216
0.791719828891
2.95210648368
-0.335900269455
1.67582623768
-0.435618350652
-1.73268507799
1.81354497074
-1.99837331109
-2.73601025763
-0.986738910519
2.02270932312
0.178614862101
-1.41165178353
-2.48966985485
-1.73590545694
-2.86107678384
-0.0182856851455
0.467549164192
0.260589604032
2.33472683297
-2.98161835713
2.82805803824
-0.28125860007
0.138390828253
-2.43453882499
0.0745627783832
0.390344568294
1.50892399002
-1.9749030166
-0.450258456731
-2.74215815084
-3.71545608317
-1.83033691487
-1.87023177686
0.782242057321
-0.661237415171
-2.59001040372
-2.18303681941
-1.50130743914
-2.14626793778
-0.858957227635
0.505148100161
-0.610222440194
0.560756584977
-0.026759167413
-0.893941560303
0.129027795933
-1.24765527016
-0.449196780331
-0.0797723325147
-0.108898284256
0.146717436469
-2.44968010495
-0.896750992768
0.603078874398
-1.10191922149
-1.10436343239
-0.20418115157
-1.04928334104
-1.42298999824
-0.219087343017
0.967233956592
3.08283862212
-1.99248266446
1.26835584061
-0.4135617742
0.839236795945
-0.199284554223
1.39806363213
-0.372851975272
-0.669112454684
2.88185492551
-0.852528848185
3.00049705039
2.96759521758
0.655896804432
-1.50292061655
1.61805189942
2.19086861698
1.38438133455
-0.595434636346
-0.23010762211
-3.19486366287
3.25768964645
1.60000743338
1.53890776205
3.2284871361
1.37921653406
0.875051720556
-0.871903855759
-0.925337811919
0.701847502066
1.24277035506
-0.441710090288
0.429971484818
-1.72203260112
-1.14122253933
-0.857335298927
3.16573186148
0.0529282600791
1.30904567134
1.38544761379
-2.19022150977
-0.802940518233
1.81640586628
1.14380441347
0.498105035994
0.842461779741
0.39514577176
0.79100049667
3.92567017327
3.16304598223
-0.0650441692815
1.27282909998
1.17028735242
0.0131697192239
-0.292315043053
1.49682711026
-0.0388321766884
-1.97674436672
3.03881821933
-0.771062289503
0.758015851421
-0.945068235961
-2.79171522858
-1.39637113016
-0.116820349899
2.13013615261
-1.48202276192
0.591113624115
0.232318971356
-1.7841763799
-1.96342527508
-1.49749830193
-1.1486111162
-0.0126477698949
-2.0593071531
-3.75315428893
-1.90138780144
-3.02879855003
-1.59859089279
-0.0130247241689
-0.447221664478
-0.405070735713
1.09765000311
-0.0096022280871
-0.214136476778
-0.484060687257
