2.66874001127
0.711411604328
0.840784245061
2.42628899623
1.21185480488
1.05147136103
-0.649548155927
-1.02409121785
0.173455112901
-0.927140810361
1.77270947294
3.24855086781
1.73945786165
1.33738826749
2.89168373722
0.810298610302
-0.561069964045
1.17878646252
0.0177698344084
0.0532259356877
-0.133182262087
-0.471401535654
-1.25516499039
-1.05583834345
-0.360479775612
-0.373797482527
0.345325759485
0.539271106146
-1.09180053895
-0.719662629565
-1.12473375461
0.204541525064
-1.31641142637
0.202815742678
-0.462502123091
-0.121609452995
1.27920026821
0.756653386585
0.477071268167
-1.41000132777
1.29911645943
0.13299991244
0.131555754057
-2.6310529473
-0.917814981093
-0.577891215542
-0.233241363353
-1.15881492211
-1.80585448852
1.20037193721
0.870699243674
1.08583701389
0.343561268143
-0.396093619541
0.00393820605959
-1.04661346306
-2.70299764369
-1.02831613324
-1.14420633815
-0.618435430917
-0.399511023834
0.746156805635
2.37693529494
1.54926025612
-0.739503440875
-1.90583099104
-2.41939018415
-1.87673327433
-1.97070951956
0.89605936406
0.650837636216
0.376517529563
-2.0070393937
-1.35540476214
-0.511676780288
0.823835312898
-0.197154814261
-0.374486763777
-0.869403758772
-1.98650521842
0.524218069685
1.44125495806
-0.189708708086
-0.413213696818
-0.227419176513
-0.503504721662
-0.214651541079
-0.337438663023
-0.455412625664
0.763079393956
1.09763233868
-1.67567391166
-1.59154829755
-0.484438690592
-0.165487981408
-0.0456938091472
-0.554132701753
1.49810459548
0.837599107038
0.964889520956
0.24120611999
-0.340294337318
-0.156148268704
1.65999178267
-0.684861940532
-0.571710253517
0.179310794682
-2.02520568379
-0.0420222769672
-0.388730051504
1.49291213221
0.0222024331662
0.83031125109
0.241905187389
-0.218650119798
-0.675502550904
-0.47450672275
0.751321330779
-0.591585580002
-0.578123667736
-0.601450600577
0.771397678969
-0.21220800448
-0.470837856468
-0.102028077989
1.36459811613
1.13104465256
-0.112326334097
0.0368467746071
-0.525628186062
-0.903854491998
-0.94050055129
-0.798245784319
0.513937861011
0.365393041481
1.38226640673
0.774498189601
0.735566696789
-0.507747224152
-0.135262707394
-1.23778066527
-0.977682155296
1.192454725
-0.432402409551
-1.77910664349
-0.887098542738
-0.827439496745
-0.885357016277
2.03541060159
1.43946624625
0.00417757224879
0.399065428878
1.96309044215
-0.412123255614
0.361741822851
-0.787608205252
-2.90105700352
-0.666513591326
0.943975514632
-1.05758449378
-0.723799449193
-0.361745746631
0.663418737356
1.61954155084
-1.73041168291
-0.577315063466
0.244797735206
0.531053321493
-0.0485667778173
-0.503828869799
-2.02191680891
-1.62776819676
-0.858834178443
0.160451061651
-0.291111440204
-0.540502765402
0.0167016293369
0.565517792512
-1.27887680342
-1.72000915636
0.575052543885
1.30789484062
-0.683758000757
-0.544506383212
0.876785020363
-0.174724520899
0.616149227378
-0.170865374533
-0.0161565756695
0.353903629535
0.166124194821
-0.724725438696
-1.62547752157
-0.269913307383
0.829249733575
-0.893083892048
0.287593489422
-0.486556729148
-0.473806402032
0.224797920974
-1.30677734147
1.73259922596
1.03409331655
-0.709442563988
-1.0718907612
-0.710893179462
0.0740703966705
0.618937335719
0.962646664857
-0.142531927326
1.56247320665
0.685102007752
1.40486559638
-0.372094984273
-1.76193103816
-0.0103397039938
1.16905519122
0.905504098329
2.31060950505
2.91941045843
1.20896666546
0.273556102578
-1.64559889746
-0.328677746971
-0.940363942476
0.359793003278
-0.54383586308
0.566581934777
0.406774276423
0.413045565304
1.20025385303
-0.548346615555
-2.54468408269
-1.23577640441
1.77806263841
1.2062889032
0.579833990415
0.676363413188
0.967624390013
1.80014990826
1.09925487278
0.771977161031
1.28395725816
0.0166597691493
0.337601876446
-1.86768410934
0.801975331
1.29819606558
-0.208748505308
1.56291857422
-0.963433885867
-0.743432224952
0.859871967671
-0.380627187892
0.196029185031
-0.314063009085
0.371988652192
-0.119394229181
-1.40756354848
-1.65793164029
0.00862970886936
-0.294297137679
0.0672343779832
-0.149989731576
-1.29374742394
-0.100488248587
0.603028826751
-0.616400761207
-1.41090238821
-2.26466578548
-2.58362618167
-2.41767538382
-1.21655229783
-1.30546979111
-0.647050528688
1.22434295885
-0.853699307548
0.725917625446
0.0516234017492
-0.309428630597
0.948660719537
-1.12754525744
-0.476000423086
-0.327419304811
1.57016754325
0.299962998849
1.36672581626
-0.508715016504
-0.777334771854
-0.13321243536
0.939445952038
-0.0116739550945
0.0769454133132
-0.335417620251
-0.316054930359
0.207626831689
-1.31614366508
-0.898512716686
0.246657346307
-1.41599956476
-0.415487838028
-0.0035684099949
0.958320387728
-0.426169563271
1.05157001792
-0.539972030449
0.0406487778505
-0.209440569032
-1.01575921908
-2.15597599053
0.211246734647
1.45476471282
0.185254074288
1.11231099192
-0.916462532683
-0.314471273581
0.698228104364
0.915010850951
2.07760282852
1.65795456527
1.60182709881
0.203269554352
-0.880721949061
1.12448503392
0.313777321467
0.80300844211
0.993296125952
1.98302335728
0.807983726464
1.30707898859
0.628704551365
-1.39696519086
-1.49774569384
0.349270530308
0.895421905871
0.954850760157
0.123734749855
1.57435283636
0.201508289302
2.16314861868
0.949807215371
2.34726924442
1.69477674723
1.11598356982
-0.337044458467
-0.168612342031
-0.791203375501
2.2603136926
0.213667231032
1.35389459495
-0.0957942262642
-0.30494458005
1.86175221315
-0.51104540884
1.01006327613
2.53490397357
0.657803075031
-0.933043493174
-1.06208138364
0.520585087837
-0.813110695696
-0.69973687958
-0.840374756222
0.10049372894
-1.04425783597
-1.55414924529
0.855300016852
0.394941286307
-0.597805769808
-0.961556579832
-2.12384654408
-2.23089461208
-0.546933459136
0.0145678436119
0.108231160549
-0.0878913289507
0.957688004357
0.754442131853
1.50706612156
-0.215793848395
0.0365232302797
-0.296819935346
-0.0519109026071
1.07592437413
1.4346263126
1.35719320402
1.84738559138
-1.09839299609
-0.187748072314
-1.05711045309
0.330902433705
-0.644375579057
-1.42514557503
-0.274819612559
-0.194359036495
-0.67597296483
0.267007400632
-0.480472277078
0.19810273265
-1.29229352523
-1.38428894214
0.450143427199
-1.33846076459
0.728940702177
0.818547123804
-0.907047886112
-0.972594266889
1.1435549431
0.192803558134
-0.97930523327
1.39412803665
1.37135289798
0.514144808479
0.806570701068
-0.659640368807
-1.08778634818
-0.07653543957
0.500074832093
0.988394997726
0.641307778173
0.775636270511
-0.432651590718
-2.01267846261
0.48898169781
0.101074421863
0.635149540179
0.582878689933
1.07470826447
-0.123767358327
0.991331545608
-1.13876054854
-1.85705210291
0.638299779127
0.910023312434
2.4399640526
2.56273547365
1.19368876362
0.850396951906
0.557403161027
-0.61427795299
1.85251739488
1.76967275499
1.86993087931
1.18258316941
0.854280013621
0.0333451656123
1.16424042744
1.77233280202
1.76590573436
0.924719463258
0.83996517713
0.773670328133
0.498667731976
-0.473443364619
-0.573861404416
0.372541191799
0.0197641930243
0.596967815471
0.676297225582
-0.532323256415
-0.161343750789
-1.21688622519
-0.819135816937
1.13345293412
-0.608978571684
0.218559102048
1.78148903564
2.25778906561
1.12528205402
2.27947709323
1.50056990134
1.31172424744
-0.385710954606
0.435532863349
0.156659806098
1.06211305791
0.534645970706
1.3220943334
1.86740071533
0.907719894925
0.159907558436
-0.513326106354
0.673475026816
0.0837678761134
1.21278121801
1.18222877433
-0.537357198415
-0.26990244402
-1.64518833525
0.327810840079
0.114874385016
0.294118220782
-0.881641974204
0.24860889473
-0.112505429254
-0.573822596678
0.43433204751
-0.756846268766
-0.494739665722
-1.58510681398
-0.346655023227
-0.868034978111
-2.60054931656
-0.898408222053
-0.812540453793
-0.0841201614617
0.015609018342
0.450982349368
0.69757620804
0.383278945859
1.58463861883
2.53334754053
1.48029363961
0.604768097843
-1.26627352769
-0.00820336391519
-0.903007132399
-1.20282874595
-1.4499235516
-1.2240862352
-0.461233378754
-1.17539907274
-1.87564055527
0.574047401177
-1.39461780965
-0.376569431665
-0.154410676412
1.29630214725
-0.059361261314
-0.405467890264
0.0246943139339
-0.281373138995
0.0819280764938
-1.07442732048
0.778460987552
1.00687947683
2.61344222313
2.26481820895
-0.0788689136732
-1.15004832245
1.7853267476
0.513998598415
0.397773250872
2.56818498179
1.85688341534
0.782220771882
1.52654258893
1.16639225989
-0.57383051787
0.902488082548
-0.601736917652
-0.203704479528
0.941739523338
1.7865144438
-0.11961353439
-0.66132539232
0.845236706235
-0.00473042879301
1.03901732765
0.660111556456
1.40587912488
0.0417067040784
1.98230008113
1.34848142077
-0.226183375319
-0.418412974093
1.47243985325
0.703390950954
0.105820566501
0.542430007874
0.177592554672
0.837690932991
-1.19990326918
0.657962655328
0.23810591565
0.68102268121
0.403963813791
0.314522952971
1.05979376502
1.95514209263
0.840991223121
0.283282938068
0.877757997328
-0.0574719053472
-0.384875839293
-0.64782408005
0.621442080839
-0.283305458672
-1.13918626602
-0.104198010695
1.85918095949
-0.520235136111
0.142913185921
0.199623414418
0.76896833953
-0.421480097931
-0.173273505505
-0.776247186097
-0.634922449074
-1.69278770002
-0.558147212183
0.612345422962
-1.16145213675
0.0269053845377
-1.10107125976
0.943487767747
-0.0276575408206
2.05887927418
0.520610841943
0.376162805325
0.27035071481
2.86639548658
2.05463058472
1.1172363648
1.58228950678
-0.652395624564
-0.364915662045
-0.650418640471
-2.2441203143
-0.421136687635
-1.19438860342
-3.15326125013
-2.89808960118
-0.622775096582
-1.20319432863
-0.5910505049
-0.229947734221
-2.31710234808
-2.53543573163
-0.992304681644
-0.986454418033
-0.500332497574
1.7235095658
0.69200186565
2.01464322475
1.68996104452
1.61283793076
0.928053863652
0.147366196654
1.08752817146
0.314103301292
0.64765463546
0.689977999302
0.131849726507
-0.189829391548
0.832436280472
0.365505455326
-0.16719730367
-1.85620653172
-0.754820721176
0.20522055544
0.520875844371
0.272278438144
1.25429866687
1.13164775763
-0.752384950381
-1.51437777484
-0.796946720562
-0.0538520485849
-0.00533132877891
0.0937245724202
-0.569458879224
0.167107282911
-0.325391271922
-1.38493089188
-0.23243402324
-0.92356140069
-0.0445548174194
-1.06248968116
-0.637087124883
-0.418341442897
-1.63387876526
-0.564370963915
-0.496238039675
-0.718549213968
-0.904823618642
-1.2144611117
-0.148361667932
-0.982185195112
0.48722242262
0.526793747587
-0.208586609159
1.22122365987
1.29312658558
0.465215101506
-2.15543969856
-1.01553268108
-0.166845805064
-1.12724628005
-1.31629838099
1.02787057572
-0.895847269426
-1.03561319927
-0.917847578699
-0.225451994851
0.165668261498
0.607479421314
1.45893773823
-0.635894878013
-0.826278877934
0.994907439247
0.716042727623
0.799447716178
0.0768323342492
0.609728261473
0.666151460879
1.05711389036
2.6362155985
1.02227152534
-0.0893146331445
1.82728212711
0.335209062515
1.22147470625
2.60856391734
1.6942757408
-1.71160071086
0.679732504353
1.02981003575
3.02466343481
2.61000443282
0.79106348664
1.92564186682
1.97074802425
2.80468426612
2.6106352608
2.45826221494
2.34675428592
-0.937645159248
-1.1224037513
0.885549307496
3.08356321167
2.35164139133
3.59890318147
1.91578876891
1.08241751367
3.6465186729
2.34493642093
1.66541804643
1.96195226689
1.07847254151
0.882410996501
0.752122804531
-0.547312302264
-2.33977745983
-2.23767477532
0.984843578998
1.59068802716
2.06196710276
-3.32999751395
0.513632498383
1.96194903469
-0.57010305386
0.642692698235
3.62398796808
3.43008995398
1.85093742746
2.38200804569
1.92609629749
1.89959266253
1.46172229667
-2.8842769532
-1.74809563005
-1.00123835866
-0.19268697089
0.453590607807
-0.448185172394
-2.62115507552
-0.897173039591
-1.33012764399
-0.511921658581
-2.89329949473
-3.99543923651
-1.50020601697
-0.0788614802985
-1.13873486093
-2.36887862229
-1.13710257332
-0.27856050896
0.117323363167
-0.705403873106
-1.65305847963
-1.31886573247
-1.28791605438
1.36148896624
0.895136137296
-1.67683175582
-2.01597017737
-1.69599705354
-1.96617491555
-0.692016339681
1.19113220148
-0.871900833945
-0.0282564221638
-0.910284042572
0.225483237264
-0.563571542052
0.79028232972
0.586916612434
0.36269678852
-0.576067702988
1.76173722807
1.10473205697
1.27055721391
-0.74539941147
1.36435608488
-0.294772993892
1.41372153905
5.64431751872
2.33162189601
-0.973380127375
2.05431891725
2.34476974147
0.767678858551
3.38842233754
-1.58456434186
1.18175962022
2.66382137591
1.63353084793
0.868373578018
2.31830824378
1.7160316623
-0.677436252783
-1.71030144048
1.54509964601
-0.175404709488
0.257799419217
2.2552334065
3.41488223773
-1.09804747092
-2.08298132266
-0.625135818104
-0.187668439244
-1.31265116967
1.18724191436
-1.60587105778
2.98468639893
-3.06238683766
-2.04527942913
0.0911674426884
3.95917684834
1.57833449551
-1.76866508835
-0.359913670203
1.2769616815
2.33330857855
2.96487298801
-0.642343110396
-0.93543095493
-1.42106939545
-2.28842995931
0.709215231056
-1.47620150747
-1.54326489282
-0.651697747774
1.27418751797
-1.48908080441
0.104231237671
4.92157521949
-1.44941835047
0.0228248751139
-3.00582143727
-0.203187503298
0.402158255584
-3.91496582339
0.407292292038
-0.587214474539
-0.00909085962481
-2.28152367672
2.69906554561
1.37301842672
-5.98816524025
0.0418018221052
-1.07499948622
-3.04170665977
-2.59598897897
0.651678722786
-4.32711809002
-0.883049215149
1.04349524652
1.5980572785
-2.61547290391
0.39325436084
-0.759706115064
0.576681590471
-0.791708069814
-0.890431282212
0.836208823231
0.667236050492
-0.731606448516
-0.391135766279
1.02344900074
-1.21030073652
-0.77548632817
0.737795167216
0.404484838641
-0.47922511492
0.97729331165
1.91211017738
1.07824554371
-0.958796794454
0.552054930215
0.511615746634
-0.688946500001
-1.8864161691
0.380452294016
1.25351569921
-0.0476394447031
1.46670458111
2.56482487277
0.164279725351
-0.18043139524
3.94670017088
1.33651610184
2.75050424713
0.988301576051
1.44673522966
3.39935288076
2.7149918957
1.91913977112
-1.78118417398
0.403053296714
3.96093977236
1.14744004227
-1.66232254546
0.656014819635
-1.59650165071
1.11916544719
1.05492421754
0.441855258892
0.0592925235454
-0.742006390403
1.12951524181
-2.19480376174
-3.0229726351
-2.78247758438
-0.756122767094
-0.309530492468
1.54136932997
-3.04275014483
-1.54034317333
-0.81893748258
0.696706943304
-1.62026692226
-0.664678386411
1.36880716468
0.769431483134
-1.43838468919
-0.971994777
0.380653742362
0.518751247911
1.74962374076
-0.441317533256
0.711368343403
0.551627475927
-1.36300923814
-0.888287626344
-4.17923333684
0.343666120611
3.37027189262
-0.376644466418
-0.286431799663
0.0355703629527
2.12366259648
2.6310655561
-0.0806562129027
-1.67701338129
0.520812643606
0.204446845411
1.41614382188
0.906760520492
-3.93490882939
-0.696537869108
-2.10724609741
-0.621067652069
0.783889305076
0.883704035519
-1.37094083292
-2.68524896878
-2.55766171096
-0.824108453249
-1.2895587551
0.421519872469
0.617739290376
0.0483927217582
-0.314913849827
-2.42615255136
0.011606700779
-1.08281326682
-2.20515179924
-2.13548457362
0.823964044118
-0.773973258243
-0.339212047824
-0.950598888121
-0.547707765202
-0.739286325507
-0.20943390968
-0.27334106198
-1.58227257037
-1.84610708116
