1.55512734406
0.746835019797
0.576182674959
1.06622736952
0.284435276972
2.2282060846
-0.00548331780373
-0.374939631254
1.58374088611
1.05158368337
0.309830694654
-0.660803759886
2.92838262892
2.01053155547
1.08289284999
1.28893807363
0.930906463859
-1.43564654779
-0.523788857288
0.958944220718
-0.567322199097
-1.45225687503
0.866609918127
1.72587381102
-1.43812658796
0.021245431653
-0.911325204457
-0.803404332856
-1.90228372564
-0.486326288555
-0.757866153355
-1.37121146375
0.329466817847
1.08450521786
0.755291998865
1.15707439824
0.0573947273675
0.071186890728
0.552148038425
0.447403347427
0.697289950641
1.18783065311
0.459932238138
1.52650301946
-0.227090642793
0.870241640398
1.69962577955
2.25694025435
-0.227979482567
0.715579165506
1.95371219855
0.149837509683
1.19331259686
-0.321150157999
1.69981119764
1.62368543325
0.904623799426
0.343843517878
-0.538275464095
0.24501560753
-0.360477530491
0.857553409294
-1.16483312192
-1.0081381778
0.770519155583
-0.681666546756
1.13790006616
0.228701985909
1.53786595361
-0.296681909006
-0.600038987517
-1.15995196113
-0.190382263191
0.120447700747
0.832314800344
0.310017212285
1.30625745918
-0.169792888201
0.135337753261
0.784741406539
0.0824776470992
-0.313830735605
-0.0610444318368
0.527296327015
0.806893705249
0.631100954773
1.26039848045
-0.574216477138
-0.383362565102
0.428832439278
-0.268147351214
0.861910639195
0.865822506114
1.03216579198
0.15580596484
0.964516548112
-0.39849164443
0.206872800656
-0.323012783516
-0.728021976903
0.482096918447
1.33927013401
1.69068444653
0.451097286164
1.47794981417
1.00757587002
-0.364617102793
-0.130712511523
-0.251840123626
0.6015227627
-0.422706547322
0.126058144727
0.29345124981
0.936628640537
0.277250615862
0.942720977578
1.78699780799
-1.01233894186
0.724124368273
1.60783585526
0.814049160455
0.305865599853
0.190736063157
0.761322645115
-2.59477520826
-1.37367024659
0.493806619177
-0.791216003768
-1.04505580854
-1.50778228266
-0.0707421207105
-1.68592905889
1.23131351324
0.425339903975
-0.632051328009
0.463021536003
-0.986162481294
0.571625307975
0.914934597133
0.993587923306
0.0196291225696
-1.79056237143
0.605517007814
0.416098869959
-0.318471621726
-0.708600370396
0.19374838227
0.334316860012
-0.757653698494
-0.565098365622
-0.477677444296
0.449084811219
1.32361428094
-0.162404538665
-0.309763709203
1.07596522937
-0.127068804266
0.952718802691
-0.051063551429
0.664020941787
-0.0593205381047
1.61314990667
0.991782190717
-0.458879423833
-0.271170738353
0.296726807062
0.725850925811
0.952445070482
0.529624895896
0.0788092984209
0.828050763284
-0.762504088454
-0.0453487533827
0.149931067235
-0.9901756208
-0.837579226835
0.214762086636
-0.806110725893
0.0063636119132
0.532501275022
1.07102719024
-0.012808392547
-0.422172164982
-0.852739781056
0.176774872876
-0.607221499039
1.15554216799
0.877555690112
-0.167338979652
-0.888234851073
-0.476937420826
-0.382326209925
-0.825002268018
0.207361970365
1.32055287733
-0.196247576263
-1.13394300618
-0.897941548462
-0.496543127453
0.276758078186
1.62648950087
0.550233399798
0.164177095384
1.23439344718
1.04851605457
1.06666873711
0.318687361088
-0.855147860304
0.716384460544
-0.0397974576788
-0.997748257527
0.83790704557
0.807112866992
0.419960833331
1.60160015552
2.06311350816
1.75350608288
0.755403849232
1.47477634296
1.93012761625
0.213461850208
0.140546983529
1.83150587581
1.98445912848
-1.70428698035
-0.18837328502
-0.038979287377
-0.31745237821
-0.845581807228
0.639906198672
0.0301181618309
-0.562796318144
0.862680355728
-0.0225951294606
-0.166567763148
0.403706912944
0.517599396302
-0.342844713256
-0.425975585143
0.290117131662
-0.421153628925
-0.766543914708
-0.295933854358
0.489540746776
-0.608538087431
1.83605960712
2.10729359
1.15841207828
-0.325700600213
0.737799567872
1.33612422008
0.784412056664
-0.351730013929
-0.394882165913
-0.158246183538
-0.294244245176
-0.626058164727
-0.316645636777
-0.173277540677
-0.298995741505
-0.328961648462
1.36136634267
1.2666480715
1.38845539414
0.953457896318
-0.97796277806
-0.798527780041
1.0842866008
0.599193020759
0.0021204412838
1.35468399955
-0.135061669095
0.264843485794
0.292571834991
-0.798550305698
0.0369254033425
0.573863631374
-0.549122895582
0.442597424957
0.903434648795
-0.284548486987
1.01145927282
0.511339933468
-0.897111817528
1.71307181359
0.873513509046
1.12253338298
-0.510645078571
0.44190445841
-0.466785983688
-0.47151254668
-0.50273403714
1.07595350431
-0.0181309501333
1.09044973434
0.825166243249
-0.0144015555609
0.813903206942
-0.329143034425
0.684158365154
0.782703802557
0.697227858612
0.879795864301
0.196393481624
1.76223919277
1.79410697774
0.543465027481
-0.568092926808
0.310888767523
0.872424211326
-0.632865247087
-1.291728875
-0.841994745335
0.20747310879
0.396908898199
1.35473587365
1.39248332064
0.582713204717
1.13498903604
0.823492716611
0.817692428883
1.33208896002
0.654378949545
0.651631361674
0.773478119253
-0.637499356742
-0.457311251835
-1.29924344184
-1.31981518939
-1.44041317128
-0.655713310801
1.14721493308
1.29504749431
0.696422836552
-0.77206315581
0.914241558585
0.419172133605
0.509779892741
0.899393421779
0.215971692414
0.408491472168
-1.30863033016
-1.41213465453
-0.662239463306
-0.25492817653
1.30108452032
1.65931044271
0.836307365247
-0.122395779619
0.106490464821
1.10201101408
-0.145032180451
-1.24133570108
0.44285967967
0.553934989645
-0.021605084726
0.815821217789
0.263501844801
-0.46183483873
1.407941384
1.4434088375
0.427861912498
-0.655078142968
0.659229267422
-0.330824297294
0.86764333871
0.649827930546
0.0785544198194
-1.43296881724
-1.08978847608
0.000593830527309
0.445359985309
0.541830793514
-0.654297576714
-0.251995325092
0.951529147306
1.716037387
0.203605489738
0.356853051533
0.835029049754
1.99341665518
1.6544949844
-0.439448302543
-1.0245061515
1.59658248467
-0.284674454761
0.506734375222
0.206060156437
-0.835800480641
-0.140568032215
0.571037639524
0.5896447232
-0.471984675897
0.825884282428
0.276858361622
0.422587438051
-0.533859180302
0.241265101537
0.924717957563
1.66831192854
1.80374469779
0.0729873893148
0.805974564059
0.332196952607
1.69498222502
1.81892725923
-0.39744978952
0.582282309451
1.3233420038
1.28741237993
1.84682210752
0.380516784151
1.83924922891
-0.156720349566
0.82216666964
1.61730203186
1.39142467457
0.0729010032807
-0.287721333248
0.954587398947
0.964318215273
0.711881512489
0.672014910793
-0.0834525610998
-0.25995152651
0.209445105649
-0.47212798644
-2.65660293278
-0.290783707758
-2.1264926329
-1.12943036393
0.913073111738
0.0915750661077
0.343910152322
0.59101623196
1.30855415104
-0.181993769453
0.114147960663
1.53158660675
2.59985971443
-0.122128238822
-0.0254460990575
-0.146787607389
0.627593691374
0.282432636388
-0.0177278474674
1.65244886988
0.633420611378
-0.909060905695
1.26991833421
1.5538567797
1.05297661575
-0.770159005225
0.208664211079
0.289798318628
1.83337393474
0.645403504433
0.387382508359
1.20387932957
0.267153208353
0.228072916294
0.334855569731
1.06953248015
1.97182823246
0.70368188178
1.17433198505
1.63466840857
-0.00950699947764
-0.100220069702
0.384872525924
1.53635832149
1.5407026326
0.0856398176955
0.777567332238
-0.136737786861
0.741722317295
-0.0161287924298
-0.995503982779
-0.716401464766
0.793731483552
1.59978833736
-0.0188703306834
0.564327450042
-1.0607695151
1.42570579142
-0.419059696923
-1.01570025309
-1.66375062699
-1.05392182678
0.575689666852
-0.475916409888
1.15587072648
0.619280974223
-0.3180474562
1.2044375084
-0.0465098308098
0.400336630296
-0.0472640665401
0.472548761777
-0.137578133715
1.41744768445
0.578447357116
0.98386729882
-0.627820180933
0.498299839349
1.06565563511
0.200554109025
0.0930546495969
1.70963963561
1.14464290207
0.227603922089
-0.724559529487
0.702901142254
1.31391752601
0.760999413664
1.26084367852
0.15767106504
-0.651693508908
0.210111525384
0.138595883042
1.57025191615
-0.139851138092
1.54796395895
0.711723077076
0.553789122682
1.42338619798
0.777078453568
-0.813025778538
-0.420539771309
-0.601488843922
-0.639731239789
1.96775759296
0.83250826949
0.834550755529
0.591800186058
0.658090831012
0.655232463018
0.991488672438
1.0708072873
1.37314169473
-0.189560567181
-0.308979150276
1.31670706646
0.240453867404
-1.16366945894
0.472623688654
1.43074325774
1.06905721484
0.173561692554
-0.180572964756
-0.633363242297
-0.842864931136
-1.30909299919
0.455137511409
1.03229021004
2.19857917982
1.54970949486
1.34841954296
0.171984970506
-0.527275477333
0.97359850256
-0.0101452600485
0.000580733841662
1.40194316446
-0.549461011318
1.26183281029
0.323407992886
-1.41878230251
-0.337917550822
1.03556349612
0.849331899688
0.273396052743
0.000282452268686
1.2141533746
-0.0852021503777
0.641524384552
0.256650557378
0.962368261693
-0.0546824716376
-0.145029390635
1.18935316066
1.11504344215
0.731547233113
-0.964498978528
1.0590358667
0.537582104155
-0.33834920673
-1.39563104571
-1.15547073556
0.453546249273
0.456057061136
0.0240779226091
-0.969568099718
0.446522716175
1.00499173051
0.63197756651
-0.499807476772
-0.438626042079
0.302502524609
-0.730941041483
1.28775928704
0.510016996759
-0.0575031801501
-0.214071340007
2.40217008638
1.50125495066
0.54311527495
0.561450505585
0.806603108469
2.05244788217
0.328668220159
-0.621625328265
1.18581162107
1.29341659484
0.849466131678
2.33175828192
-0.0874745048119
-0.548025186058
-0.409025833527
1.02308777123
-0.0971592639839
-0.714075881759
1.79608497237
0.865549419199
-0.197269203147
1.10546689885
0.326331452922
-1.01414226817
-0.910144651298
0.484387010312
0.635575580356
0.926354286842
-1.08208285196
-0.36778145478
-0.037244408437
0.43202753521
1.71550623897
1.47030978726
0.643841663367
-0.156089948955
0.49164607583
-0.0770507855215
-0.143817671493
-0.426171701945
-0.357760418
-0.825647582891
1.92037876971
1.58445004124
-0.00389157789983
0.751888740526
-1.00342185968
-0.368261568269
-0.635165438247
-0.34338914871
0.229213306779
2.62106143736
0.276480021423
0.273594948315
1.00083658095
0.711981106833
0.187171939906
0.975255783785
1.00190841317
1.25460384333
-0.797803140243
-0.857303350466
-0.312391970113
-0.380657672952
-1.00451325561
1.42350528363
0.364587057748
-0.216548184652
0.974830290746
-0.661135919373
0.898519395074
0.353146238355
1.27337019104
0.807131846924
1.16209211776
0.170436342387
1.04513139183
0.655928535285
0.374739920318
0.548728503964
0.165113997917
0.627659451099
1.1895410673
1.06798343216
-0.756377121712
-0.251500648675
-1.22903471198
-0.691644786121
-0.189594034984
1.25938012192
1.11335408517
0.395098109382
-0.229333742088
-0.290670841791
-0.861918498746
0.881822833816
1.30625918978
0.329760441564
1.71418611602
1.35685574105
2.07119181365
2.18915995212
0.151028145921
0.592865033499
3.40296382651
2.82308718082
-0.0113741505234
0.743050538419
1.9898236263
1.43886789764
1.37281342468
1.55134237727
1.26878349066
0.406362821257
-0.248086359574
0.529347026739
-1.5605368857
-0.18462600305
-0.486945710689
-1.88882605318
0.74666398928
-0.232733118806
0.184148016335
-0.530621776157
-0.935807972792
0.842107028677
-0.95832259581
-0.520890110963
-0.813146426955
-1.4519803572
-0.00449942560052
-1.26925785589
-0.517721841582
0.563531281111
-1.26137557954
-0.0580190879093
-0.0441664682412
-1.27955135965
0.86591779611
0.485054366441
-1.14096163796
-2.07506711792
-0.0535212474413
-0.93238945807
-1.54213153333
-1.55878443244
-0.731121943232
-0.0183205227415
-0.717348707535
2.05854458229
-1.10193364657
2.11079760683
0.0677131555857
-1.26805682237
0.807543210589
1.48993221535
2.19704228944
2.09043994601
1.47942306279
3.24359351508
2.49256094238
3.2195383942
3.2429247714
2.28912247945
0.307335069388
1.57909409961
3.05041833117
1.28652378795
1.57484106328
2.31306751617
0.55880108441
0.0527373052165
-0.425329894351
0.0290036383494
1.23441654304
0.947552448135
1.71641042116
0.422602469232
0.312058104729
0.0684844188267
0.531190484472
-0.631266039853
0.916647622129
0.0685913924296
-0.759203007898
-0.807013114133
-1.84301328673
-1.42772446786
0.267615709017
0.69146783789
-0.916504089748
0.82302775229
-0.506181767183
0.538148124926
1.24010024429
0.659748084501
1.74762656084
2.55286860904
3.38162583731
-0.0206821757987
1.58600367262
2.39699459371
0.784786122063
0.425548542541
2.27531765768
2.01761391838
1.6583117258
0.673687772352
0.772325613663
-1.73203197454
1.09486058411
2.03147512155
-0.640616381158
-0.979999034269
-1.16457611129
-1.2306864031
0.0263903453997
-1.66706976865
-2.63634367268
0.22646503185
1.63502609261
-1.16439414909
0.956213450182
0.599839718928
-2.21748921634
0.160975718037
1.39380806731
-1.66888149785
-1.93044149329
-1.98540390432
0.162286367867
-3.53560068751
0.0011598453201
2.45762738739
-0.228209663183
-1.8888058987
-0.958394695669
-0.708187468138
1.34590533915
0.0740317154773
0.317788450066
-5.57462247859
1.79628257386
0.475004385176
-4.12057951867
-1.76298887247
1.85434170143
0.964705772028
-1.02297338563
0.397418246392
0.14151615598
1.5997402472
2.14356015659
-1.12144839423
2.20968217099
0.338466897356
2.15612833401
0.701482100416
4.31549951866
0.637448214527
-0.24143771318
-1.2731780038
2.70962045788
-1.12488915222
-0.251340086254
3.64924581558
3.36076377287
4.65168846785
1.4649733914
2.26612869679
0.254043089533
2.09087339956
-2.69314449866
-0.260634969572
2.03168238062
2.10386115108
0.155973818598
0.335023039014
0.0837929180209
-1.895489458
-0.942450236225
0.382223679457
1.84845409361
0.279141260627
0.320904558684
-0.150996464999
-0.537322589837
2.22482997669
1.16919962051
0.75113564381
0.74514609289
0.472350979233
-0.71895966624
2.23121950968
1.00978863755
0.227067446509
-0.582201195274
-0.000187817144574
0.555553878967
1.48934071771
1.6354797363
1.88320276281
0.176938178288
0.317366202754
1.30470300258
1.84796756395
0.388131479093
-1.08609154624
-0.336682789081
-0.603736884247
2.79756140173
1.57707191093
-0.422810854269
-0.755080949383
0.590272574572
-0.321896332201
1.36434028903
0.772974282258
-0.138131942613
0.139099292132
-2.43193673463
-0.549411361412
1.1061384687
0.843939398409
-1.73821386889
-0.954030349532
-0.0965127981481
1.05971652987
2.40417051869
1.65411412623
-1.67389848191
0.649293167867
-1.65372814142
-2.06751467436
0.377067869785
-1.51198420087
-2.49348644215
-1.78293695129
0.592061741114
-0.113409437759
-1.34590204772
-1.20585845362
0.565154525738
-1.93868842759
0.441662385739
-0.119489320013
-1.07697420526
-0.659907058909
0.85258842904
0.338176974287
-0.622103140909
1.64411694535
-0.148130491098
-0.306197222716
0.66327266709
0.191844767335
1.77883181423
-2.26595997907
-1.2890383092
0.363430745515
0.253594601169
0.919405401601
-1.0287641561
0.342156663562
-0.630301594021
0.961282667569
0.461464452867
-1.71008964271
1.62908576267
-1.27989460373
-0.675484955561
-0.0103131754742
-0.296732680216
0.0533829848882
2.45743389641
-0.417031787705
-0.691094248891
0.129282523898
0.515322671107
-1.22609193355
-2.05341365534
-0.0384030311009
1.37752061785
-1.55505430042
-0.913741843645
1.02638447704
-1.51909848432
0.100926811323
0.936735050887
0.799729311744
0.0196036680165
0.346017029432
-1.22951647963
-0.510225892784
0.116495108956
-0.457825265103
