-1.05879890073
1.34994676411
0.830088592757
-0.486490153723
-0.920033610392
0.94256134029
-0.806753519224
-2.0772033584
0.266448068333
0.829181954852
0.61054408423
3.90299324934
1.82613793617
0.792995095186
-0.81503936004
-1.66196703513
-0.01798598684
0.467463617798
0.755968299316
-1.55937472535
-0.736300150929
-0.846312832304
-3.64645554154
-3.42677510843
-2.30356321937
-1.00575854818
-0.951868285994
-2.04191863255
-3.65316030288
-1.09355153393
-0.0256274133105
-0.933537446458
-2.40326524891
0.322738047228
1.49667383205
-0.821210369692
-0.0704772777985
-1.44675292691
-1.39372279482
-0.837832857453
-0.0981755133772
-1.72126330985
-0.343313584419
-1.09295502685
-0.284540237463
0.105021121941
1.56566012121
1.11614267176
0.0608327040957
-1.73743355507
0.750785087658
-1.07864942212
-1.18501330363
-0.296737683804
-2.68259588615
-2.96794507594
-6.09989535703
-2.43442285757
-1.52510899053
-2.14770479474
-2.89240053531
-1.36360156726
0.317847203673
1.41900048326
-0.48054077198
-1.122960939
-1.20260793264
0.385271173986
2.2496040498
2.37699508109
1.00413656229
-0.355634290378
-0.810395073478
0.400979665937
0.581781934899
-0.179334612064
-0.176671940459
0.123447460757
0.863261455558
0.980033547081
0.433124156845
0.0837821998408
2.04209817155
1.45731522033
-0.387796872757
-1.71247041144
-0.333880516874
0.21525955865
-2.54050828215
0.829517406866
0.145336003019
-2.02117491406
-0.390857810468
0.495874543991
-0.530830834776
-1.359805414
-1.0650511664
1.35062406711
0.383666433151
0.318196750501
-1.33496795754
-1.08243605699
0.867980046
0.123757964186
-0.0816386080319
0.982055165993
0.865619835658
-1.23485922212
-0.144624106876
0.701873600261
0.133567552841
0.611976276056
1.82500859158
1.66324760267
-0.982976248303
-2.16457011108
-0.517150137681
-1.34759882003
-0.553910495333
-2.09369716414
-0.59851344291
-0.155764839287
-2.41493627185
-1.10439512887
-2.96259110899
-0.78141473785
1.54050207859
-1.56014427649
-1.45800078612
-0.850637066726
0.336006228201
-1.75521089692
-1.21632536429
-1.44339674772
0.402249883637
0.766182042174
1.16410733855
-0.74740416612
0.0811259848404
-0.544323609764
-2.13811464588
-1.94572832377
0.666106183868
-2.2232828295
-1.9119116107
-0.943712411034
0.312219249657
-0.812832872243
-1.87269125179
-1.74250794102
-0.914226625102
-1.47654424279
-1.95684987272
0.33869671104
-2.97845365564
-1.83477685538
-2.57624954184
-0.144191285321
-0.510732181533
-1.01092031133
-0.663115526137
-0.482658754631
-1.24519113173
0.602878912861
-2.94769723973
-1.78843737873
-1.07441608312
-0.57676558837
0.593340216615
-1.00726118417
-1.42999935747
-1.45535762703
0.509091725777
0.689329713212
0.00548574781698
0.748657673485
1.56410870258
0.319165069486
-0.16606455144
0.993149240577
-0.0281263670333
0.778380543959
0.37866192873
-0.310452592157
0.665676430267
-0.468447851732
0.374578384643
-1.01406297478
-1.43292197541
0.760488311498
0.887038396119
-0.77476000498
-1.69090667396
0.473524728343
-0.112887694435
0.203602832908
-1.09075844691
-0.0531141268729
0.729829185978
0.145377599244
-0.326975371367
2.8744715981
0.00891426655676
-0.123979070819
-0.861736755027
1.18224783445
0.912195066852
0.076114143127
0.963213853481
0.157113376237
1.43241210097
0.0871974266779
0.974085821901
0.310984474
-0.81592477218
-0.174100785518
2.43250758971
1.26322153384
0.977882070817
0.55690682973
1.3096608292
0.292642056871
-0.349141735076
-0.227960795274
-3.28640956856
-0.414925796837
-0.317002940052
0.239511244588
0.963738794331
1.66525423325
0.865732642009
-0.227096498471
-1.0070840069
-1.23228521401
-0.0446578772733
0.269296591681
1.28479934041
0.659858078357
1.48241644713
2.51177030583
2.01479269871
-0.868642552397
-0.265858830199
-0.692671115294
-0.930754967802
1.03818803706
0.936246477428
1.68721764316
-0.763556669718
-0.996234014658
1.45464569025
-0.874226919781
-1.67731769938
-0.204343061762
0.274211522006
-2.36218404717
-0.44269602565
-0.851652664868
-2.16229415033
-1.25706678317
0.392944246109
0.0235522320321
0.0963031815859
-1.08190396438
-2.65421479617
-2.21780133654
0.281776462802
-1.92013215428
-1.15092193352
-0.940820818013
-1.48457342624
-1.35890106447
-0.753188408815
-0.646803636376
0.658825685511
0.79709341735
1.55389294259
0.218450152442
1.65335217024
0.631733775203
0.750234533234
-0.596277644468
-0.58639293723
-1.08526678429
0.241499951414
-0.275409042281
0.525599171912
-0.760769558944
-0.937798686234
0.389049808212
1.37941602161
-0.171944128851
-0.471812909723
1.59980879751
1.4041593182
0.104752900957
-0.337230149464
0.328804444074
-0.0789235302997
0.102062579495
1.09150583849
3.06625302379
1.20109365181
0.178481421181
0.553597257912
-0.308501701852
1.19991330915
-0.0565327657342
0.282069920979
-0.471229508309
1.71408681973
1.77268295222
-0.930780118865
-0.516413654009
-2.72875383326
-1.91628365349
1.42981205691
0.897689263224
2.5213298355
2.39599913865
2.68421273607
0.223861538494
-2.58468140477
-1.24362384608
-0.429653845321
2.25535992348
2.08761188937
3.37126011681
3.09434343164
2.23209337427
1.1828572743
1.46199976402
-0.936430330897
0.0300816026863
1.08975883959
1.91064288376
0.104937781409
0.563146114144
0.193030985698
2.78175979056
-0.513850598566
-0.431275067667
0.142934383726
-0.284881914997
-1.93567792647
-0.306823970166
1.39137790209
1.22145555508
0.760826617032
3.3546564199
1.24842976355
1.19026268952
-0.727225484653
0.0800689019686
1.62658813977
0.862731012225
-0.463937906502
0.241888352239
-0.714775369323
-0.409692635708
1.70401422946
0.240361585127
-1.77898610213
-0.876705684058
-1.8854119122
-2.1916560137
-0.180911874673
0.430099206781
-1.13610700543
-2.53602223481
-2.29063159463
-1.70203821452
-1.51162487103
-2.40946188159
-0.754348726204
0.229545498007
-1.31108729695
-0.219945732875
-0.184180209212
0.490735428555
-0.274962849478
1.17254058908
-0.166559629681
1.57685718963
0.637641723898
0.993767360505
1.08000747896
-0.640515604075
-1.32997044053
0.636836461919
1.2678161263
0.0972845602245
-0.354498201757
2.06590443737
1.42465341131
-0.370666309626
-0.994637573188
1.26758997149
1.16398545666
0.462665578677
0.388049164365
0.431766633214
-0.338542669348
1.02549743504
0.479532684849
1.82133048032
1.22339849051
1.20947838917
0.576302911509
-0.688540765234
0.502272753586
2.60796232732
1.1457811488
-0.438416056975
-0.660100139562
-1.10369472817
1.25988232312
-0.798288526497
-0.448689507707
-0.690702352918
0.97709440125
-0.945853687232
-2.94057141215
-2.00278220897
-0.916564370769
0.78557606822
1.64795399316
1.56260618455
0.316354535702
-0.54653149236
-1.00835019019
-1.5232661549
0.359404423886
0.555374523011
2.00741731598
1.28820930045
0.115780114585
-1.48036297449
-1.14462548568
-0.330170991733
-0.982469666012
0.526882361986
0.41361454778
-0.691982046366
-0.830939032464
-1.65475964343
-0.0942615781346
-1.39107518868
-0.463904997537
1.8276523792
1.47931270273
2.15781068991
-0.837380215984
1.00712539211
0.0745623263463
1.46280112698
0.257186719332
-0.326141716033
1.41366500769
0.262021775126
3.02336192409
1.10933950124
0.193541417863
-0.31485618732
0.0130916194382
-1.7196585893
0.205807013023
0.637615932133
1.12743485986
0.958450327908
-1.53431589438
-1.22551919345
-1.66170035808
-1.9585921426
-0.847699200469
-1.38736061114
-0.120757133575
-0.452839053318
0.648508252415
-0.588552671394
-0.62635093221
1.7302644505
1.79513692075
2.16370214533
2.05131927313
0.321029522833
-1.23478486512
-0.581269027533
-1.65518466863
-0.102337790291
-0.10199587645
0.676337200285
-0.0497147413654
1.36056808489
0.421282272507
0.0562486306666
-0.673360111056
0.283079669549
-1.00768350732
-0.728052799763
-0.594971507886
-0.921769247085
-3.21376559295
-1.4633061401
-0.882031701126
-0.206784409526
-0.393972165995
0.996377675614
1.58390854715
-0.354857211408
0.565747587572
4.2805796773
3.31175587194
2.0945053532
1.42033404508
2.89219852727
0.251365224817
1.14035790256
1.54295021073
1.66896327143
2.15922575432
2.64975251155
0.012491241202
-0.471074409709
0.527568677879
3.68965340209
1.93860161125
0.159610795001
1.5477041582
0.925125463122
-0.947352555359
0.729075773957
-0.0272978953667
-1.35727326253
1.33457570285
2.41403033655
0.991841143691
1.52387835568
1.25206701615
-0.224895909316
1.47781724221
0.107219084171
1.97680149068
3.60947951746
0.964680455203
0.108421185438
0.822663369894
-1.53924466702
-0.116380723674
1.451284658
1.86200111941
0.610457961038
0.117033270393
2.33691740166
-0.550652852844
0.649337891244
1.87907089969
1.16267445493
0.440406299201
1.98232365941
1.56633574165
0.434179520454
0.958061701548
3.43886752217
0.91914478701
-0.273349988198
1.18098113753
0.14351287025
1.25661566154
0.968017612963
0.0622102620712
-0.895740084039
-1.03926854893
-1.14216252078
0.275242524706
1.13766710126
0.639545505395
1.26240770689
1.16470894135
1.82624835187
-0.7725426063
-0.0492741407793
2.12546491599
1.60333871412
-0.00532115442299
-1.51380341189
-1.87589334168
-1.12518378021
-2.01392840008
0.235257808179
0.293857960377
-0.203106925168
-0.665463306833
1.03065171851
2.04463137067
0.608609202951
-1.58348727772
-0.705498120053
-1.34499888364
-0.657346784844
-1.16427440764
-0.0980405646515
-0.127348378566
-0.981392661819
-0.398152978093
0.511540499135
0.434076874078
-0.304003425222
1.70030905549
0.513649870938
0.349364554424
1.74707675677
3.07070010831
3.06825175218
3.70990766025
4.62676741993
2.19403836751
2.20823558101
1.82007509429
0.214979981686
-0.109688704445
-0.415935708086
-0.466691863139
-1.08724679228
-1.19674221413
1.73713178445
1.4658974228
0.319223969416
0.3393498609
-0.342362253163
-0.391708591514
1.33355936471
-2.13329648821
-1.35282682937
0.950813995895
-0.996463316186
-0.89678573349
1.054291261
0.837869004895
1.12053975494
1.39208813433
1.25252440795
0.92666785825
1.83966093595
1.81006055171
1.71777248395
1.59097871463
-0.0631995115653
-0.200636472506
1.94929592876
3.00905070058
1.46679269394
-0.215433317772
0.907105775633
1.06226723178
-0.471914136658
-0.239334340824
-1.52264453734
-2.07053987513
-0.566940529181
-2.06458591276
-3.44442387218
-0.784328483878
1.9347491664
2.18828716913
1.21697247962
0.995119759302
0.66848857781
1.58686166004
-0.271934622889
-0.0626122528273
0.287567975934
-0.260404583626
-0.048156274024
-1.11547537376
0.402694921448
0.802806420702
0.793425197686
1.21981522989
0.225114128551
-1.44715138753
0.129997556303
1.59082054312
-0.205716378151
0.68613850652
-1.78428575166
-0.480007008057
-0.883278127583
-0.883166039608
0.504324318044
-0.39372776656
-0.287742358275
-1.18735639589
0.61707878696
0.825086699079
0.0223633408745
0.502280366616
1.77428210081
2.02280243275
1.63984678927
1.86260148595
1.83188256744
0.84830160514
1.61971158897
-0.517167236337
0.463623549606
0.891553642206
1.19923851612
1.8349970408
-1.58145502054
-0.342410250156
-0.0388183369342
-0.482088994893
1.63890029268
0.745806812463
1.4789961866
3.09154788325
2.68378382506
1.6213713621
-0.507284435501
-0.146036669346
1.23733611557
2.49599752914
-0.345109547704
0.236314777716
3.65751283038
4.19236847084
3.62042947403
0.838018479088
0.462772607706
2.95486841997
2.69458305738
1.53159059725
2.9631452968
0.897966041201
-0.650327699338
-0.0484824431444
0.883832016662
0.475022108005
-1.02542471421
-2.75704254385
-2.57646969147
-0.866596991208
-1.603471283
-0.592039747503
-0.678860655547
2.63259006807
-0.00704603861174
-0.325403379211
0.846995087816
2.01275135252
0.770757124
1.68024534792
2.16407355354
2.68738059838
-0.526325290799
3.20036859375
0.953407207265
1.33812830071
0.361331090815
-2.48045662161
-3.08168553711
-0.914054113677
1.07467557078
0.890789094815
0.521941178685
-1.0706016973
-0.676151743425
1.17931766522
1.2363137433
1.00587434521
-1.03816848598
-1.50760104607
-0.504905809881
-1.76484737958
-2.25080398765
-2.70695805081
-2.41782605427
1.68414547877
0.684580248223
-1.5152052538
-0.547025042645
-1.30528850963
0.793683533008
0.778487273286
-0.0775330856904
0.843749265217
0.384082787078
-1.11757154136
1.29760493922
2.22023832648
-0.0454958939157
0.0756854113717
-1.04825079478
1.51458977187
1.70068443733
-0.282760744782
1.38843890624
1.82580926244
0.660785021398
1.85650502453
2.56013597349
1.54950525853
-0.802762417577
1.95795773595
1.69148504528
4.25815036058
5.52386168642
1.56547817781
0.225615511575
0.529410968511
2.73809627791
-0.0611058426807
1.13996785651
-0.97713749587
0.893479681436
-0.83470513863
0.343293660437
-0.63924914673
-0.0501504081179
0.577728331063
-1.78428013255
-1.70918296272
-0.418382070777
1.79192419519
4.4940182054
1.46221191406
0.780929234184
-1.5512907747
-3.49754915413
-2.06896899455
-0.578084023312
-2.85252968396
-0.827947629838
-2.07086124732
1.27235011836
-5.36516502947
-7.85698180815
-1.92883455435
-2.98910768746
0.114932866439
2.5226779945
-0.64755310128
-0.941360173153
1.00448014887
-7.30655352475
-3.86050361346
-3.98027852698
-7.22060545012
-6.12411446357
-3.4469142334
-2.91423591975
-3.01462922014
-1.75420272764
-0.404412901572
-3.22416718221
-1.4483252902
-1.51748831954
-4.26021432752
-0.378295258642
-1.24025400824
-4.3422324312
1.41220110444
-0.624548009574
0.658875173364
0.274627413843
1.27751814555
-1.24430046471
3.04375565772
-1.76609517499
-1.21573257658
0.881696720052
-0.0764934017113
-6.39797654872
-2.7980791894
-1.84419451258
-3.00901161714
-1.89298028376
2.67368668942
-1.86837924062
0.78826461914
0.629656861362
-1.69451434034
-1.36347554817
-1.98006990963
-0.0619156558132
0.437100035194
1.28587773421
0.547306390369
0.125939947822
-1.12577042369
-0.922181838805
0.222204364854
0.666088454838
0.291252194881
0.698764115163
-0.923685479982
2.54067794204
1.89192470057
1.99620992458
-2.58845315232
-2.33965436334
0.47813085641
-1.2507821175
0.766081124083
2.64999255417
0.604061281489
-1.20118387521
2.97072365453
-0.436640584448
0.252674047088
1.10574322534
3.18844101121
3.46808547687
0.151176110925
2.83396249907
-1.85162385473
-0.702784358602
-2.78920433945
-1.12544756691
-0.380934378582
0.998612458005
-0.996879622914
-1.44038395667
-0.436345552729
-4.24750347851
-1.10566319772
-0.923770075835
-4.46775324265
-2.88790945363
-2.61980378512
-2.50736639754
-0.293531245735
-3.42693858645
-2.91409893107
0.503311128992
-3.03684380799
-2.22869632155
-3.06155482158
0.737232400295
2.0060031451
1.61681292696
-0.45462745455
-0.460019694802
1.47637824531
1.20124836892
2.15586222476
-2.69747648759
2.89354958072
-2.87254495633
-1.55370334101
3.2487887488
3.26018894149
-4.13772573309
-0.615421861323
4.53956748079
-0.299859717033
1.41123072459
2.17233754347
1.79798249955
0.0737727039052
-0.229071094868
2.40825317457
-0.356275868717
-0.290792263356
-2.04424001353
0.463443471535
-1.81362641012
1.12393976008
4.97010256151
-1.21584182887
-0.845977373615
-1.79399982961
-3.58376735847
-1.42942884832
1.85571553848
-2.10950861959
-0.0118176549923
0.209397469671
-3.29659047731
-0.470151460064
-1.27598543299
0.131529639602
-2.61409141774
0.0989808034323
-1.01059391583
-0.0935464631605
-1.46507059557
-0.244154933902
1.12607123871
1.03807254019
0.0459922480309
0.145579992615
-1.22129020484
0.000784423177653
-1.61209077977
-2.99284465824
0.970364154788
1.05540162617
-1.220125841
