3.02597997655
1.28099762113
1.7550945697
0.450077583501
2.65555265256
1.73462418766
-1.54773997392
0.199684657421
2.35933364799
1.78893989074
1.7601805811
2.25780997438
3.76914541829
0.1523656094
0.730866249144
2.10837627934
-0.43478457214
-1.21972236162
-0.75513948505
0.196036734094
0.176698576197
1.42186142917
1.77203864415
-0.318675153026
-1.07931742831
2.23358871831
0.77314055324
-1.85715411735
-2.45473129951
-0.223107275329
-1.04366412216
-2.60773929353
-0.011412281094
0.360691210023
-0.241439947843
-1.24767483502
-0.475281773772
0.483324486163
0.0594196756345
-0.208292352234
3.92989584708
1.72857924766
1.31395267032
0.497094751874
2.93862624539
2.12888851907
0.133390771548
0.0256664958669
1.40258987146
1.80031412005
2.49816674755
1.66752940576
3.32139581871
1.22000546578
2.15777440897
-0.398768022711
-0.772289496614
1.07179364654
1.41890556367
0.694756540596
-0.698325984152
-0.305289192807
1.66037381065
0.574719508152
-0.982218760405
-0.645697429172
-1.28414360554
0.398475110628
0.872217452056
-0.251187722305
-0.876507961205
-2.85995052741
-1.2978567811
0.690656102673
0.608977133548
-0.24858943686
-0.912935598563
0.60176631785
0.366081889159
0.00197102151573
1.1996125972
1.30728374042
1.12484525355
0.0528909267144
0.849302171037
0.800616153886
0.00593407878969
0.48544201135
-0.623142054093
0.340235389814
-0.735316825641
-1.88699910149
-0.515791079991
-1.02485369927
0.614632547568
0.86509525309
0.0491827943271
-0.327150428431
-0.594877838535
0.223595183982
0.732610725403
0.578807721061
0.847387135091
-0.398725658085
2.46445144549
1.77752066359
-1.02933384302
-0.274232784379
0.542259883226
0.890091483156
0.644318067123
0.583807048521
0.896981560263
0.643855935718
1.09726490298
2.01946880474
2.42813309782
1.04880238308
1.24021725614
0.900053649764
0.718790806436
1.42551557162
0.406735707855
-1.2789877117
-2.08313617665
0.805216137997
-0.594806329355
-3.15248535312
-1.82331938611
-1.33924463
-0.474446304197
-0.276439843567
-0.512946191315
-0.438955127471
-1.20538137365
-2.53606826198
-2.68870793062
-0.743665220391
0.110057737798
-2.48675086565
2.43451557908
1.76709860355
0.848864169289
1.37470826575
1.41102492333
1.02684641254
1.20136647019
0.00178763730942
-0.286706134697
1.28291742022
1.26822681857
1.01906123537
1.19599545495
0.114281484845
-0.33087217569
-2.17636449727
-0.618918231739
-0.746341846991
-0.518162464908
1.17960479431
0.596261734191
0.617688119011
0.909101761031
1.37082868817
-1.01005567446
-1.30585271811
-0.467189179954
-0.442358846023
-0.371750108706
-0.640748410506
-0.844830666451
-2.28724561095
-0.814132048223
-1.66684119411
-0.946512272581
-1.65971844325
-0.935816438347
-0.837820732221
-0.85902881296
-1.08299426009
-0.170474179763
0.00389504283292
0.727328757428
0.798726573584
0.917610301472
-0.101343426939
-0.0138308575363
-0.23845970458
-0.67700174994
-0.683318235848
0.492082513195
-0.82452410941
-0.954922056944
0.162058280428
0.565113402018
1.20263111779
-0.761269079591
-0.279401946701
0.0772285392567
-0.16236599519
0.923125582094
1.35338071307
1.23960193567
-0.140934444753
0.305276831779
0.813717906937
-0.468080667652
-1.09845580239
1.17092261569
1.37756159092
1.21167220318
-0.132613544439
1.88459598789
-0.0944694336411
0.858332881361
1.17445673074
3.40539907034
0.299689097738
-0.826227291231
0.236176295956
0.580212426201
2.10462821544
2.87074312767
1.26333952411
1.20756791227
1.59942351409
1.93692445713
0.64055677801
1.26602112927
2.86466143421
1.52323578666
1.07244878998
0.447599135052
-0.13164007962
-1.22135692043
-1.29164168431
-1.68396609863
-0.737807866687
0.163810493722
0.736824760722
2.75453516394
1.3988116864
1.11793132952
0.60003323758
-0.425630462363
-0.375989343934
0.168875385636
-0.572070773314
1.75381693206
-0.137844367804
0.264341865272
0.211738481237
-0.112501924194
0.471491598969
1.30180546206
0.189180864448
0.553021847131
-1.88747336856
-2.19036398246
-0.507479818996
-0.685010828651
0.849297791099
2.24859950617
-0.414166686484
-0.582552453095
-0.319058468999
0.787267439552
1.05628005988
0.182010535002
0.351923762528
0.310840542712
0.101527288196
-1.3978202614
-1.94938150674
-1.79265407219
-1.06061992203
0.554344541562
2.00049716293
1.40519312104
0.04038972429
0.0409333797023
2.44056001018
2.22859014795
0.469362609736
1.54623834244
0.76588327442
-0.197544762789
1.07598728094
1.7024039448
0.187715409864
-1.12604902646
-0.975820012161
-0.0218262600497
0.842011544163
0.860122091409
0.946342105691
-0.126833513834
1.6748112095
0.372770265339
0.127134513693
1.73684252007
1.85511785296
0.195178807394
-0.750488142867
1.20628057256
0.807348205046
-0.983116711695
-0.751711608666
0.31182523347
-0.040839667476
1.63149059989
-0.104870303486
0.306525140281
-0.995692972559
-0.320559294917
0.323099823839
1.78565293873
1.06393064224
-1.64454926206
0.100593745786
0.382146615037
1.43734358076
3.0864643768
0.576965852713
2.17775087993
1.74322151523
0.623254768734
0.692633092592
0.564016944445
0.674301726606
1.35763255261
0.907428366058
1.66874879
1.11219831881
2.04315495606
-0.522965279964
0.191236903521
1.33500720766
1.02334545189
0.665416015794
0.875391010459
1.09637539264
1.54631354292
1.13971064793
0.121636917416
-0.729559660942
0.770478595549
-0.657617363555
-1.20271430437
1.20825613572
1.70315967462
-0.113348551923
-0.179413364527
-0.964733798489
0.450583807753
0.486141648778
-1.26280104495
-2.27360156084
-1.78993770291
0.581822988285
-0.754953620793
-2.08669349273
-1.44482918542
-2.11923476058
-1.46261084449
-0.866347630397
0.501564823953
-0.157283095479
0.497079156485
-0.397235428512
0.37009641466
-0.47395075723
0.388295655178
0.542740548155
-0.86080022411
0.796806994992
1.38862705933
2.06253589999
2.43390459873
1.90573474305
0.669275323764
0.192496261403
2.11486666123
1.1405057923
1.25923732345
2.27990030925
1.24339777462
1.17811988255
0.231742082998
1.47721415551
0.47365360644
1.04497649233
0.020999292265
1.38003804705
1.09612210597
0.944675965862
1.85760458596
0.102322271777
1.5374826086
1.18965899483
1.6318246245
1.60549076531
0.942053911997
1.13197588547
1.2606299844
2.61856447684
-0.549034896257
0.663295613971
1.08023192817
1.41910272463
1.18133766421
1.9631713645
2.6277857125
0.710289488279
0.835921544463
1.39941604568
1.88315941846
0.0681673379494
1.76751598275
-0.503155221638
-0.735666804322
-0.592171523795
0.77983616634
-0.877743342221
1.0014027505
1.49249056715
1.1294039364
-1.24499364671
-0.906780830774
-2.10046023857
-2.17937479357
-1.27685112317
1.33193571394
1.25408455246
3.71048714751
1.13773709048
1.68685754798
1.75585237778
0.537312630197
0.125317354881
0.868338758748
0.968799229924
1.63013481782
3.17577685041
3.30908619902
1.5538344853
1.0676977867
1.12812901402
-0.491876705073
-0.0763093157175
0.371739825918
0.679867484729
-1.28897948428
-1.18682578649
-0.324804006955
-1.11086699825
-1.14058580038
0.833470108735
1.85199441708
-0.185069475718
0.967465623593
0.417271004036
0.382345052887
-0.496205726385
3.24546086973
0.84735440223
0.135674614883
0.738375331047
2.122563817
1.48206764492
0.640568526933
1.39680593039
0.372572368612
-0.0343711964549
1.36347123884
0.097112033285
1.69846675349
1.08255600988
0.014952437001
-0.162540363258
-0.143176846641
-0.429861764894
0.756840641967
-0.012163285838
0.338771042773
0.417726141698
-1.12676090028
-0.99229699526
0.695402659823
0.65175087909
0.349768562139
-0.0893612551132
0.218036157024
0.0242567398218
0.56744162944
2.04506055196
0.2799124718
0.434368511062
-1.11397134921
-1.48305877249
2.57304131424
0.904889751881
0.348681115742
0.0295373650499
1.77520622901
2.37916066983
1.09610063683
1.30139580678
-0.00892231400827
0.755257722697
0.989259050712
3.24209163265
4.10089617042
0.846360185731
-0.284056926087
2.94959819898
1.20574307035
-0.473622862146
0.20259367661
0.48848286489
-2.75540315599
-3.47797341351
-1.39191128624
-0.324807790891
0.0102024550533
0.22428680205
-1.26812512578
-2.82567348088
-4.10773585771
-2.12841453296
-2.4881232809
-2.28943836524
1.8416766359
0.402691694447
-1.02312179746
0.197706427883
0.0789834149858
-0.233947233751
1.24770999601
-0.514605128849
-0.616667911185
0.0287532560239
-0.403203616237
0.905948033293
-0.169766855193
0.381586543419
0.640912341247
1.39572911561
-0.95586848655
-0.304769094409
-0.885176811763
-1.04674922674
-3.32122061409
-1.48898632694
-2.23679339347
-2.78656356473
-1.716491453
-1.34057488962
-1.34586986852
-1.61186712536
-1.33320986773
-2.49785603855
-0.111079117684
0.324998349708
2.76076966106
0.785686457253
1.18073227832
1.69792702116
1.36074342059
1.25250169211
1.65667320671
1.22640810794
-1.10839002296
0.888422747686
0.303126116307
1.28338847298
1.84613862635
1.31288445076
0.762422600794
0.50571874403
0.226506721211
0.632390120197
1.15518854245
0.119932124396
-0.757264441665
1.27652750098
0.481753710381
-0.379025626249
0.079937271087
0.826042399176
-0.11523051225
-0.834185039488
-0.293802815553
-0.730112586687
0.767515207906
0.899011818801
-0.376862356461
0.0590946488168
-0.40680787797
-0.787489617288
0.528796788923
0.786809045635
0.272811431441
0.0419994558907
2.07644597153
1.25425931127
-0.659054982626
0.213548545547
1.68759176108
1.23864938683
0.151535388025
2.23329586122
3.17269120076
2.87253265439
0.742043413724
2.21538510094
0.682042617743
-0.212962136267
-0.815553717965
-0.642368120333
-1.0766494569
-2.49539536317
0.099647976266
-0.408211123242
-1.80714809458
0.638201115226
0.135326903146
-0.296584916949
-1.45700664518
-2.25829437517
0.061933638754
-0.468550569976
2.06752847822
2.36439252769
1.85642454533
0.0371379782498
1.65914081953
1.41696565729
0.515656280779
0.766764179847
0.607391747445
0.611543355098
1.07531079979
-0.473637423497
1.3932964946
0.565430898343
1.37327131411
1.99775836816
0.431061218019
0.906212288574
1.16396770636
-0.605396821102
-0.831728542717
-1.29059609265
1.5501058032
1.2344056466
0.706139037638
-0.985330073948
-1.55195582894
-0.402182565468
-1.62257644296
-0.324887390845
-0.108220944367
1.00472402701
0.0897706815449
-1.20243429035
-0.5571002238
1.01390195193
0.952789688184
0.246409922626
0.279327311062
-3.33587756135
-0.482282153127
-0.110020462979
1.30473742263
1.11795193399
-0.121428234651
0.885533147577
1.04818794568
-0.527518031943
-1.1460323221
-0.892786419931
0.158368563204
-0.222628221849
-0.633875275891
0.836121156451
0.948958503224
1.18196049407
-0.0763401546495
1.03541682222
-0.35100386124
0.625652962578
0.968824583828
-0.335946517777
1.06536725335
1.24382461875
1.82126976787
1.60554284693
1.36035918154
0.605616073714
0.131684234337
0.0163187971024
1.16514123865
-0.215919956026
1.20192815206
1.58545696208
0.260501945292
1.49338052636
1.75268757067
0.523087620103
-0.0304182967683
2.3893774014
0.983780193736
3.45633237403
2.24450600165
2.6129769491
5.5263136731
-0.138532734927
1.50146464297
1.96049610353
0.0854933334262
0.670678650491
-1.19641703116
-1.10170821632
0.172525971007
0.373846714093
1.32778658325
3.97670140399
0.481806790278
-2.15389925077
-2.81881692852
0.140281591547
2.43409439827
1.62172518754
0.595950115795
-1.87204544045
-2.63175076432
-1.48809725517
-0.113472941399
-1.95554039512
1.34815347109
-0.929452376103
-1.54178762587
-2.1883080016
-1.25659259741
-2.21691000923
-1.98990641192
0.831657865535
-2.08501223127
-2.33743148459
-1.21550904841
1.3396619827
0.967322121104
1.54138016416
0.430502283638
0.691727085775
0.601254040614
0.421203609747
-1.7247780969
-1.88928618459
-0.0374943524152
0.111162930799
-0.231366830239
-0.187782501899
-1.67838192576
-2.56775356829
-2.25933768181
-2.61607975543
-0.285269753733
0.66645438685
0.00686460046334
-4.79712054636
-3.44537127121
-0.722018548006
-0.880882215662
-2.15984974397
-2.15317605683
-1.57115070133
-0.0806633433167
-0.692322022403
-2.8132889536
-1.67007250871
-1.49406283745
-1.06928086039
0.8690702521
1.04585051158
0.649414235021
2.72279852462
1.64958616476
0.229985221217
-0.782115877005
-0.893708168789
-0.809095545692
-0.335753849617
-1.31366731813
0.553349115661
-0.380708484427
1.29177782866
0.724818411808
0.521931145071
1.87938702613
2.72866201506
1.25178075943
-0.0899527618194
3.0037183923
3.52303198862
1.49112461074
2.45181777443
4.18480226571
3.29923605553
2.88065948123
1.55726266186
0.373845969869
1.53205934412
-1.22926950347
3.90448517685
1.68446637302
-0.993479495504
0.395646507653
-0.743589365778
-0.517780935418
-0.114167628647
-2.57165269865
2.71736957503
0.840598289933
1.3181204578
-3.44257546076
-1.66454678918
-3.20012665775
-2.09104788015
-1.65007041267
-1.31358340645
-1.10648134055
0.034588185434
0.654631818009
0.922188874826
-2.20154114897
-1.24434148954
-0.324181375334
-0.724694406514
-1.68673198133
-2.78199237654
-3.13747884444
-1.78317224915
4.81974616195
1.15105230281
0.183397355572
-2.25140115748
-5.75993918349
-4.18189524978
0.199326631268
0.602570473305
-4.3031561263
2.25566674193
-0.589406163422
-1.49413335455
2.51106806629
0.928079996905
-3.08811737785
-1.26938818936
0.762281307698
-1.91107551776
1.53643005439
-6.72508468419
-3.19558709186
-3.10412066773
1.57786010167
-0.49520484304
-1.07305902695
0.521069917566
-3.04080179514
0.584854432582
-0.0148576669633
-1.93882571229
-1.01057198176
-0.701343570579
0.374249889698
0.640976797431
0.491975839092
-1.94514735655
-0.816889293652
1.90583972999
3.02922224591
0.10427806232
1.50011624307
3.62824410736
1.02977498288
1.08107405763
0.890890431855
0.960000422252
0.868663521121
0.529130325967
-0.118201498939
0.302968471641
0.714877685959
2.2001394575
0.588789110137
2.5023182766
2.25028942532
1.87665368803
0.359438566174
-1.84800465087
-0.309914289178
0.785327243488
3.08583273941
3.28133012187
-2.50941834192
1.82443067655
3.95544280582
1.06659475124
0.960122678279
2.24746529732
0.876848103103
3.08640057819
2.16667495456
6.43484949878
3.66881767746
2.17894917618
1.38969834753
-0.748158249294
1.8318385404
3.47939009587
1.20625871554
-0.00159238389094
1.6828064094
2.82745054282
-2.37100467633
0.996188821552
-2.42172066469
-2.29068206049
-0.95804468906
-0.518151537286
-3.40233201042
-0.651833380892
-2.30333358402
-1.21243980034
-0.310213630465
0.473205540713
0.0954784563025
-1.34459204435
0.804331809706
-1.64917710692
-0.020481252666
-2.90096719943
1.06158315381
-2.52891150105
-0.580343137611
2.65536256685
0.338908231267
-4.33017344507
-2.67140561218
0.948298055275
-1.7250498687
-2.13833677215
-2.22755290207
2.27470457805
-3.84119139623
0.262917739075
5.95323298154
1.81225896314
-1.64744661407
0.844606110442
-1.65690972379
2.62569933673
1.27855137887
-3.18985950471
0.742916649516
2.92827271078
0.985342009405
-1.45337731413
-2.06006162336
2.00797434529
2.36852868454
-2.13256738495
-1.24098074226
-0.515943019582
0.703030139748
-1.51689683851
0.470396529192
-1.16611734535
0.799217272743
0.77666544591
2.21504745459
0.462997316156
0.247406894678
2.60708514332
1.17499580055
0.113203165137
0.517171207414
2.03919841936
1.59857634607
2.61751114166
-1.18017581677
-0.953680868593
-0.10295241259
0.330101130394
0.102730191977
2.82841403284
1.29117759642
-0.662507151719
