1.53219739364
-1.24852045315
-0.558574597514
0.272542867992
-2.97242801524
0.0472234063057
-0.804672641728
-0.403992323346
-1.13571786016
-0.803436063981
-0.429055855667
-1.07993448881
0.0392609312397
0.733345813841
0.0911494732634
1.13207701534
-0.0336271288425
-0.204858109027
-1.59031245527
-1.04705042185
-0.150666148905
-0.964537948404
-0.455822818503
-2.13099238793
-2.20733213088
-1.72929159899
-1.4384035903
-2.85412674511
-2.56629553026
-2.24416472211
-0.0921610106935
-2.04462309117
-0.25247556572
1.46285656711
1.62870836555
0.270923565284
0.568282302999
-0.468412267529
0.768703963107
0.0643825532328
-0.797792368004
0.0870872691786
-0.46425989499
1.55993362152
0.881480707413
1.25884879152
0.183721132992
-0.685597392122
2.73394464486
2.53551604914
0.533744119039
-0.996535612354
0.125439699818
0.391011948565
1.36586678436
0.851257332609
3.41330897157
1.0148295399
1.16192154709
0.867376164744
0.602438919637
0.76646844007
-1.33279517746
-2.29136366363
-0.925548207329
1.65933714614
2.05915960185
0.80483242372
-0.151280912992
1.04845923453
-0.164471846162
0.142947344225
0.982793007399
-0.223067913598
1.35356923546
-0.27970348091
-0.0402784065164
0.150957580176
0.602741163301
1.42549747329
0.392283585947
-0.680093498872
0.358273554566
-0.638186765343
-0.219764677972
-0.760494179022
-0.154494000209
-0.0851512311421
-0.499266777686
-0.393100266888
-0.426082976853
0.719044220242
-0.311388493047
0.630986954867
0.040366448067
0.249046580399
-0.370326641023
0.0970839850137
-0.387722289285
-1.44238898878
0.336546851742
0.990564791602
1.13479644383
-0.822357234201
-1.65055484757
0.155680589413
0.176500588845
0.215184061031
0.610885675831
0.167533862307
-0.0400447028476
-1.07463052628
-0.711115198773
-0.0437145415119
-0.982495062298
0.268849407997
-1.3558466032
-1.36692624187
-0.262438468208
-0.580789867687
-0.890791743688
0.18474411037
-1.04776124712
-0.398738843808
-2.71919378973
-1.57691417615
-1.38618656377
-0.0585391552378
0.318857293904
-0.911347152965
-0.276531047036
-0.389712066605
-1.08178814136
-1.28006635456
-1.07868120228
-1.35173855391
-2.55487757607
-1.71832246826
-2.03784747545
-2.77645411163
-0.0853349258252
-1.75953383429
-2.32624639326
-1.70013771113
-0.268705485356
1.30647081327
0.0569005020125
1.26091331768
-1.09894907273
-1.53594240652
-1.93454210704
-2.10322258232
0.0327759460604
0.243989456054
0.368176779338
0.562585306928
0.0496768960575
0.888587972107
0.399146163454
-0.825704499713
-0.594602513355
-0.655118919322
0.188082232849
-1.78019752911
-1.13280049139
1.76276258211
1.47753404789
-0.517476989931
-0.324753185015
-1.97150083376
-0.632172312687
-1.36907289095
0.179921548013
0.15355961288
-0.456990963623
-2.15989664069
-0.7245314225
-0.00699156666375
-1.64369087382
0.0181227846603
-1.19154502746
0.391142186628
-0.363475170405
-0.558948224728
-0.406667955686
-0.0639608473895
-0.341830932159
-1.03272553175
0.0552853922114
-0.299301317134
-0.412651919039
0.907246080911
0.557180291003
-0.89054255441
0.950155371809
-0.368106783156
-0.813648003192
-0.97413323808
-0.154365267643
-1.35970367264
1.88812703872
0.913726512671
-0.389007314571
-0.527187315028
-1.28087402411
-0.254688758983
0.130134432474
0.71874028372
-0.613309312262
0.21745431093
0.60457369438
0.268146444404
0.369311644397
0.742769710798
-0.590829647072
2.50720058562
-0.552845089744
-0.804824069939
-0.649819241771
-0.845946078648
0.191289580462
0.365784170579
1.77870523239
1.05180684337
-0.706715078005
0.131037367283
0.256144976477
0.262635472789
1.63608334722
-0.540619493983
-0.00968399831574
1.23629997463
0.252707398215
-0.728494084275
0.479226657406
-0.841731528489
-1.97622280504
-0.454296249801
-1.37682571528
-0.597119688911
1.10658114851
-1.36513049043
-2.1171422007
-1.63846683869
-2.17976096186
-0.586727969445
0.150039199551
-0.170994341485
1.09455343273
-0.317049178363
0.240629923631
0.830159216875
-0.620724516048
0.323735149323
-0.989912697023
-1.31411309326
-0.847616942028
-0.58807053719
-1.15916486575
-0.0134279722997
1.06385774665
-0.813954174226
-0.115392894101
-0.952669780984
-2.16340396499
-1.5229189574
-1.43393327583
-0.278767173596
-0.845229260611
-0.946232934455
-1.03219760331
0.144457384341
-0.374757622425
0.737696880341
0.317625683645
-2.63625095741
0.0710008345682
-0.902814093074
-0.160508766535
0.346611872881
-0.651204508025
-0.198621655802
0.213716207495
-1.61879695109
-0.956835235229
-1.81344729704
0.382841794875
0.598321264784
0.89229697185
1.19567744504
0.75814420329
0.499202342068
-0.182099655339
-0.0890660079645
-0.65558535164
-0.272885942235
-0.441345339135
-0.956434485312
-0.129096801341
0.627354876064
2.19488429363
2.26236755815
-0.309939250324
-0.484271319183
-0.317248843311
-0.1545551661
1.37453528087
0.404267848522
-0.975887270287
1.91139715065
0.360559619955
0.959004209448
0.381854729174
0.0580330940856
-0.915120435983
0.865300771124
-1.21359226279
0.336205563936
0.562171519763
-0.136072966456
-0.570708662136
-0.509954113159
0.331635825104
0.548380731572
-0.35014670501
0.386014871545
1.00541675865
1.45399295912
0.518998808329
0.177789421383
0.426205542866
-0.139712341572
1.61653552892
1.04151838489
1.99006215677
0.431009937381
-1.94569002517
-1.3174884973
-0.847431935023
1.22419180276
1.51660437411
-0.042112617822
-0.532961045747
-1.1187149818
-1.78070667536
0.872367111518
0.0273728883006
-0.347745050356
0.864489489829
-0.498477180781
1.14030984938
-1.09226652957
-0.549883242082
0.357376350109
-1.52416362124
-2.1786493967
0.713801201971
0.649358293416
-0.361793403655
-0.448877704817
0.56669444479
-0.838280527657
-1.60471380025
-2.14684807421
-0.101981009059
-0.490065502673
-2.24072990019
-1.05961801318
-0.385852493575
-0.982726660338
-1.94103432943
-1.36480597808
0.299246166188
-0.748123300671
0.0228952230409
0.265295126756
-0.0734644854404
0.580734730381
0.384020035203
1.28294121965
-0.335366786263
1.85774792201
0.974369463322
-0.854125987984
-2.09682616998
-0.902951009357
-0.0107369364826
0.949715160377
0.319566677046
0.313928720238
1.01137130318
1.13438401485
-1.22860775462
-0.426685449387
0.191993720951
-0.292899663448
-0.585056950246
1.40689094083
0.628372283743
-0.702917160005
1.2793232957
-0.379327414392
0.754937494889
0.157613851877
-0.341494655119
-0.553937907022
1.30455677233
0.0803991717653
0.00395143860363
1.95505185454
0.774688760946
0.946152462768
-0.341639448524
-0.226605068129
-1.02866156496
0.417696631431
-0.855552451276
-0.495118243236
0.404869697338
-1.45598727081
-0.559169920557
0.128809004204
1.39641558337
-0.836254808404
-1.19391020904
-0.800730663134
0.273867985086
0.35216990649
0.453952318946
0.472193919037
-0.790961805957
-0.99370479777
1.30098989501
0.411138553223
1.82383119195
0.263638346473
-0.128928265267
0.412816039171
1.12048983565
3.2624956145
2.53982087524
0.826051981943
1.11364523201
1.85989278385
0.395223043
2.47865414951
1.42890508843
1.46740059603
0.757364411056
1.41244343979
0.664265126308
0.330475341269
-0.782204170489
-0.554117098998
0.179343253774
-0.29943043347
-2.2196934754
-1.34454215266
-0.871960815395
0.703418174692
1.04527772107
-0.845907317552
-1.65611939812
-1.81485372821
1.29309175399
0.813843349644
-1.19890357217
-0.500685550737
-0.363973533825
-1.08110295431
-0.0933579343538
-1.36613840301
1.26140315433
1.11232491132
0.408569266869
0.494878560855
0.611270361163
1.26440864801
0.240977913206
-0.697978184053
-0.101605724907
1.87405586014
0.20312544577
-0.302551368815
0.0197823099916
-0.468748507798
-0.335767495261
0.180401571889
-1.05939904056
0.63503989142
-0.161453853335
-0.840208514147
0.0806086071184
-0.828437481553
0.231376895597
0.0917385941152
-1.3062212249
0.08246041772
-0.249549412438
-1.38642919184
-0.68309237167
0.78588481038
0.20524146329
0.0134983110183
-2.22201350891
-0.183436296291
-1.03919900112
-0.389572979716
-1.55808057281
0.925973241224
-0.146897698852
1.58454352349
-0.119331740737
0.493371553443
0.354725706108
2.00915979271
0.0344891658369
-0.661029329518
0.75776571814
0.136678908014
1.2189755321
0.154860888605
0.29175221894
-1.08751213408
1.23894555118
-1.21627924011
-0.00183292951211
-0.655894877427
-1.46207341229
-1.17234319454
-3.01720539686
-0.728210549609
0.779059583154
-0.858677794519
-0.127530738348
-0.163063013605
-0.707522881542
-0.330255303642
-0.299450536013
0.938920662921
2.62974143507
0.444422950951
-0.0241766410163
1.76482712061
0.489188842001
0.493374059834
-0.68326919424
-0.0327513724643
0.268178033625
-0.10073452262
0.0127067885004
-1.64665360771
-1.97509047584
-1.24388426831
-1.52859579048
0.484574828019
0.265348717042
0.604641540317
-0.540950418149
-0.0542019116399
0.366448746089
-0.209314633947
-3.00687605349
-3.65593098623
0.808159671773
0.379808551341
-0.660367534772
0.00372942492275
0.015257463939
-1.07488356405
-0.134371234459
-1.39524103622
0.310918625689
-0.534388259636
0.326005599269
0.477409014253
0.522276447824
1.85529317266
0.285107114305
-1.4168738004
-0.544591641949
0.27492280638
0.573862700225
0.801930902995
-0.612012039968
-1.22903154577
0.199306103555
1.04427042194
0.111831283061
-0.678325393634
0.0392044079782
-0.1795281482
0.441541330661
0.477260665491
0.197595829667
-0.175377570367
-2.25786590765
-0.43679237412
-1.0846493694
-1.3500778113
0.644131224703
0.283830870567
1.57219265895
-0.193829027545
0.478044366889
0.674630102932
1.18044869027
0.157336513859
-0.283280677175
1.1964234654
0.241935232083
0.735275251372
0.222948757915
1.00459798823
0.822418420363
2.33123215815
-1.43330004823
-1.10014782188
-0.0534188495759
-1.84221406774
0.746721187839
1.46751660028
0.948984736943
1.1908145495
0.0890395864253
0.69630771428
2.36767108593
3.42960310703
0.909493902538
-1.01286704989
-0.132797608566
-0.116112804912
-1.44585920793
-2.07912116297
-1.04785922248
0.347855918628
-0.379636709145
-0.129831502827
0.0138798087766
1.12690993297
1.21828971219
0.461555193343
0.453070008902
-0.50576157646
-0.330608447471
-1.25425914848
-0.721689304465
0.732746448735
3.01076798033
1.06296406772
-0.181381298441
0.56605498959
-0.321311328974
0.0677945856996
-1.32661609843
0.486956068479
1.49564045051
1.21886902966
0.265486097024
0.556428766431
1.62184903762
-0.557039639924
-0.247543338936
0.308564994741
2.23393476383
1.18300294211
0.896986396335
0.574977439594
1.20261246464
0.936493965722
0.254102347283
-0.238263502561
-1.6112292221
-1.40031347621
0.534605316853
1.05110076664
0.84489263094
-0.0383411324757
0.100294201678
-0.824739273474
0.688813096063
1.4849735955
-0.0104450492958
0.124395154275
-0.605375923754
0.139141385973
0.598779570133
1.22984178984
0.901189413428
1.12275802957
-0.0117473561418
-0.451534060871
-1.07273034097
-0.826745092615
-0.104210464167
-0.487327784967
-1.08578055337
0.152128684161
1.83038497095
0.377717880042
2.3998163566
0.996171093582
1.10308486878
2.17554426446
0.689446300439
2.00229024313
3.00848569878
2.94244894294
2.45996822518
1.82855306497
0.637276681201
0.59268260768
-1.14621165849
0.0921764847868
0.327901846561
2.00200336611
1.56179996288
0.964961290295
-1.66281025305
-0.335841160015
1.46160608068
1.73667210776
0.14999244161
-0.409012290274
1.65324348786
1.02256296884
1.02689693662
3.08062387425
2.44885554184
-1.07925504939
-0.895380317383
-0.867058325453
-0.554553860986
-0.649690182666
0.0280324091895
0.697346856949
0.158607480119
-1.30766187162
-0.590480154579
0.127712898952
-1.17647014171
-0.606177151948
1.56538828189
2.34547081037
0.00141942291454
-1.30837887901
1.23226333476
0.392252740242
3.35978012521
1.37028318252
1.49299919798
2.44059369396
-0.0383883325072
0.0423753162251
0.724780590924
2.66015477675
2.09049432246
1.30030169414
-0.471282790912
0.96938947065
1.2619660948
2.32060520716
1.57997880853
1.73042438817
-2.24770706807
1.9262460159
3.10737195384
2.55082010831
0.25127114451
1.13526804089
1.60533342174
2.18946377077
-1.31899444208
-0.664098478205
-0.294527764288
0.4056826837
0.239969498434
1.85488117978
0.956201785705
0.521023372774
1.47090569294
1.38948485125
0.614939325259
-0.0806392766186
-1.05854140473
0.209945619942
0.286624463873
1.35388436424
-0.144895979235
-0.570283682423
-1.20543361859
-0.794693197079
-0.146107430135
0.124205370873
0.396545866637
0.231868823953
-0.45539266553
-0.50613212743
-0.387299145853
0.584505972579
1.06850995031
0.650661140019
2.9490510654
2.11737912863
0.847027740414
0.629412467232
3.30518355414
3.97698830934
2.1409417918
-0.0708241587726
-0.283550796862
-2.54821977793
-0.629475066099
-2.73964849658
-0.79406151142
-2.69368214807
0.174939998097
1.01177258358
0.302429452244
-0.689649164702
2.72437673134
0.502616807032
0.964150997372
-0.635400603132
-2.1235240993
1.96548787634
4.04274414022
2.39965101445
6.06771929293
-0.132134180297
-1.07061101886
1.03998391135
-0.813574288581
-0.488279450708
-1.17554113796
0.84588566238
-4.09178806098
0.67677104858
-2.38028357106
-3.437550768
-2.4948584052
-1.22811313476
1.81349922075
-1.57347146778
2.30313833833
-3.76907440882
-2.66323106551
-4.17481478335
-2.72568090631
-4.73504025971
2.70070960855
0.209126118342
-2.4694612753
2.8683057339
1.295005748
0.592513696361
4.45029690176
-3.06079404868
3.33698627788
-2.95889270402
-0.987791159009
0.351373825249
-0.799847147559
0.0649890217222
-1.62816335845
-0.000893337879258
-1.98119480179
-4.78357289264
-0.602719458191
0.0851548416444
0.940404291732
3.80406351457
-0.926807679913
0.00678276081261
-2.55108700417
1.47553644519
0.107253737526
0.677226157272
0.0425714146971
2.51115406172
3.97349143084
-0.764362751221
-1.53408397501
-3.45494778981
-1.61904585986
1.86601820459
2.19225920721
2.57247707035
1.2785851932
-0.183998522592
-1.61173166638
0.577916264739
-0.21414226138
-0.719270786987
-1.14767292512
0.993203591287
-0.197489104992
1.02206676317
1.68839839333
2.45051584996
-0.373163547635
-1.75352536946
-0.236889662456
1.65344062329
-0.96877443483
-0.780629907672
0.451657824823
0.489951003638
-1.53688333018
-0.0694146071782
0.873211585889
-1.23529063692
0.747269727947
-1.67027207297
-0.00637765227122
0.833835172917
2.81869410409
1.15818190331
0.0589308695113
0.104279899297
2.97881718141
-2.12547822516
1.30515840596
1.020809778
-0.835342847821
-0.975227420234
2.59033135395
1.1932719593
2.68234286135
-0.648426171587
0.171516597812
-1.42747657049
0.591095825542
1.18330595885
-3.64420432807
3.10593996047
-1.77930068761
2.01613842042
2.72499893045
0.711587234617
-0.56197110304
-0.957667317032
1.75424445443
1.10258061703
0.030469954006
-1.99135633366
-0.894626247659
-0.263658460339
-0.487761398492
-6.2327848074
-0.291628844785
1.99794445082
-1.95995570608
-1.31852458377
-1.57379580053
-0.778896533779
3.0016352866
1.09154017002
3.30260442113
0.661812059412
-1.12080562067
0.0827509517219
2.75594151897
1.56740032718
-1.39244409362
3.19687730376
1.11672255413
-0.129252260128
-0.17011320646
-0.0633741120735
1.19924592999
0.43574126394
4.39967983984
0.230643461822
-1.32928599428
1.33703879213
1.87595200545
0.778894023421
1.95084983547
2.36472965217
0.104236372308
0.734026914455
-1.56971881284
-0.659334805486
-0.934405434513
0.244007112442
0.0176895605007
-0.354483879943
1.22008529899
1.2171923501
-2.34297540805
0.36139744979
-0.25466415638
-0.394712601394
-0.74007693048
0.674820921269
-1.52097100242
-0.260373049195
-0.326308408878
0.482163576009
