0.0489205971309
-0.415319629556
-1.54693261955
-2.87814976536
0.550169149677
0.340028132792
2.79029525811
-0.275409326273
-0.494081498052
2.10795664438
1.36504187313
3.65236059668
0.39253789559
0.406611648401
0.745681266139
3.88812079758
-3.44645386801
-2.13301637064
-1.08490191607
-1.74628224434
-0.740317405382
0.344806040129
0.849322012645
-2.05611715338
1.10699375595
1.20025981078
-0.0936940402155
-1.48783676853
-0.113299765331
1.43413915987
2.57662200354
3.16938167145
1.37196064538
2.17389892151
2.97225765391
3.62874395572
0.398113656093
0.549620372947
0.343983608726
1.87129519366
-0.890785407926
-0.757479420699
-0.334669694057
2.74929109905
1.60725119072
3.13655742893
3.41396562233
2.92953907097
0.239178120252
-1.85552210904
-0.524563263694
-2.18263037738
-2.2206561452
0.6075837556
-1.55763287361
-1.10477118362
-2.12805293376
0.180979501411
0.195412132076
-0.528605438734
-1.24631837354
-1.57940137721
-2.78810454578
0.524655927194
1.80516633152
1.32600212841
-0.0946414732899
-0.198622165029
0.448826113102
-1.49473645365
-2.60721624627
-0.527236579266
0.81974770359
-0.52860933389
-0.549317189702
-1.17681258864
0.893181039916
1.85358888698
1.26246458414
-0.0225356157152
-0.103616040155
-0.97584558104
0.703858532764
0.721402622962
0.561768694046
-0.125101320479
0.16993115441
0.327337024847
-1.11916565466
0.155353129171
-2.04294261114
-0.606617651984
0.678113372148
0.398774229921
0.457920534581
-0.614807074821
0.958351407054
0.889387587211
1.72211161468
0.814378116415
0.667873276364
0.550372471606
1.03290612199
-0.59546954226
-1.36882168975
1.35522430517
1.72085857524
0.625310308373
-0.576075557913
-0.884015996729
-0.964623437902
0.00912630639254
-1.72541115559
-0.346280569498
-2.60576922329
0.254509180529
0.446327865035
-1.0905820442
-0.150910241209
-2.41535516259
-1.5523371514
0.101363923752
1.18427707623
-0.166039686769
0.748376018676
1.3899811685
1.88437666286
-1.58885084832
-1.3216296391
0.180051221172
1.67615873624
0.96285320941
1.35186250303
-0.174673150122
-0.388725117773
1.86093213639
1.35667678895
-0.241059757564
-0.0642033917268
1.51266427148
-0.82207510667
-0.132420435083
-0.274894699517
0.290880601195
0.119748606623
0.508015974798
1.6326608115
0.773360982019
-2.62237268337
-4.92774948011
-2.1139192189
-3.40045284357
-3.09985352839
-1.80213499343
-3.23984952008
0.117363263659
-0.880164296928
-2.04124224442
-1.14845721034
-3.74731110382
-1.43128503332
-1.97309333505
-1.60176957746
-0.697111984243
-0.726745343161
-0.72808345784
-1.5628903323
-0.103881921138
-2.15909863534
-1.29607084829
-1.05009999587
-0.572026716874
1.85371438916
0.737889445996
1.5494188908
1.70762229137
2.41840705273
2.51343540515
1.63783647294
1.96922034478
-0.238215402224
0.37320932826
0.14975281534
0.479571503326
-0.778626309557
0.434535761257
-0.0965476653061
-0.825567226617
0.409885357635
0.00653729420779
-0.841318872253
-0.987519073168
0.106047772371
0.639224859394
1.39050306094
0.333879720836
-0.599996033967
0.562452490701
0.709879468244
0.170326069887
-0.302902086517
0.565211154483
0.648316952415
-1.75937787372
-1.10299511395
0.267902382133
0.778799337831
0.442939726818
0.201669680692
-1.11992992534
-0.0535767035702
0.240269513
-0.69168368718
-1.05808348328
-1.59054626811
-1.1566910813
0.899662875988
-1.12495309186
-0.81169164407
-0.934625091033
1.16540271433
1.62530229886
1.20971203104
-1.32719418382
1.24787091233
-1.30323285507
-1.94396785166
-1.28277236074
0.765093167471
1.70122363376
1.13828276369
1.18478142681
0.846260842492
0.0655955180462
-0.472246420079
0.204877523553
-1.45831932687
-0.683829135194
-0.704979556124
-1.07578752741
3.02119635118
0.366081553748
1.15681527878
-2.0945447205
-2.66394599103
-0.110475918262
-0.36025676543
-0.712940187789
-0.652984653318
-3.38512404215
-0.1160611077
-2.05835139488
-2.26627895975
-2.16435910929
-1.84768289859
-1.08619675718
-0.874346323599
0.671905157051
-0.0790253646438
-2.3944839527
-1.7754133106
-0.581806059531
-1.43358733279
-0.528529422277
-1.29646938544
-0.361676927835
-2.30464696021
-0.970805225125
0.576218627121
-1.28153826175
0.813145062391
1.41142180667
1.07367401314
0.0671584385759
-0.391930258484
-1.62113731183
-0.673656718364
0.39978188157
0.184813286982
-0.562418509808
-0.553621860889
0.0900969112709
0.486982807702
-0.850779457796
-0.593050478038
-0.311480297207
-1.37022416441
-1.36994688544
-0.340432048402
-1.23523376276
-1.24704840604
0.329172420849
-0.701843161986
-0.534147767809
-0.128289989759
0.37433192684
-1.04656251223
0.219392128498
-0.0735544108913
-1.09030214245
0.546690124874
1.73082811281
0.676121759974
-1.37025768597
-0.735916430863
-0.984703678938
0.176414302215
0.892123907579
0.0520841500461
-0.935894768743
-0.536013840478
1.39109179122
-0.47422262934
-0.353290489514
-0.380962946817
-0.300325732148
-1.48707685987
-1.57286714307
-0.764542861734
1.09767240996
1.47141377372
1.11495966366
1.83436056732
0.371062246093
2.24232688527
-0.593768926383
-1.9440843936
-0.766557175123
1.09729650569
1.16163351232
0.433410349798
-1.21750650534
1.26427141609
2.05908314096
1.73018484833
0.770806808589
0.539600637532
-0.528067025276
-0.409800027781
0.470939696237
0.926997453211
0.177192682574
0.532373407953
-0.22911697184
-2.43889980373
-1.17892293793
1.94500241921
1.55984949779
1.36944683792
2.60166912574
2.42099573391
1.69718072522
-0.941669271743
0.749683550124
0.846312490513
-0.868107528523
3.51721093156
1.29770026904
2.43095548931
1.25958276245
0.568430008612
2.56557228858
0.942117839468
1.32599661923
0.284173062047
-0.538924157529
-1.54159997083
0.598918102667
0.510454503732
-0.481950981398
0.531225700437
0.514187055523
-1.05297256089
-2.08110267659
-1.59509435325
-2.21943550502
-2.60086907107
-0.319881858182
-0.436185944241
-0.474660934872
-0.838648325713
-0.578540990522
0.0524423884916
-0.59755486886
-0.772625965694
-0.491790956699
1.08017672444
-1.85277151687
0.0867485439155
-0.147835589942
-0.878823050033
-0.840058818264
-1.19681931433
-0.930511433432
-0.0560100539573
1.04008367396
-0.68483659045
1.07318182523
1.05621942176
0.73538255163
-1.67383806496
0.0639356775746
-1.41834764828
-0.680138266946
-0.678528015097
-1.09218322927
2.39546430689
1.17882947554
0.481747566417
-0.588020084992
0.187255132459
1.84699843315
0.79205923798
-0.929661249932
0.419659374857
-0.602107381048
-0.0564435362405
-0.977202902889
-0.00669035769662
1.46352121036
0.733750586897
1.12646171604
1.32907464003
-0.541324470566
2.51383990028
-0.078225087121
-1.51650367019
-1.57868375006
1.15590306799
0.642878079079
1.21198869143
-0.739820361137
0.63885538788
0.980037260794
3.22774644598
1.27749243098
0.593499166675
0.0773605753763
0.299129747076
0.965010665542
-1.903494243
1.07621414615
4.18762113936
1.59355972309
0.833207768795
1.57372695388
0.943421645985
1.83830199498
1.91158312822
4.0253738907
4.80722448267
4.09911598549
2.35993004061
3.5865156212
3.78034780587
2.33661273873
3.17041053663
2.50651547205
3.49001913369
0.712047648442
1.37944789646
2.13405477229
2.82490601841
1.3968933801
1.02323895356
-1.07684046908
-2.10362997644
-2.55161912424
-0.903623569321
-2.53333935853
-3.08519087479
-3.89482324954
-2.99827860884
-3.4193348706
-1.93561200522
-2.04816095557
-1.30360779521
2.078831834
-0.145075597655
-0.0433670807721
-0.0440380398025
-0.215286000616
1.22439231917
0.216222580089
-1.02001746623
0.989632490457
0.0751720338241
-0.91134446616
0.188778329659
0.464898530699
-2.13869201396
-0.658530348865
-0.679496167201
-1.61858114764
0.621598337189
2.38507713594
-0.283892394082
-0.00230861055598
1.02880797045
0.7101804452
0.0862313358968
-0.21934839535
0.0501340832471
0.528805406843
0.524664047103
0.241778580088
2.10662741438
0.477683944432
-1.71983986252
-2.22253690541
0.345798555646
4.55884104382
4.06357592705
1.20005337085
0.973318222715
3.90766146201
0.195866944029
-0.744172684721
0.511473977368
1.03407398754
2.08563388121
2.99799672647
2.43115736714
-0.839534368703
3.72886858021
0.752575458868
-0.00914182201125
0.395422931777
2.23840231752
2.36738583379
0.78007331345
-0.977776113419
0.402992427203
0.253040193135
2.11202565901
1.50552701647
1.43352697455
1.68090734699
0.645729506858
-1.69503102545
-2.6470697759
-1.29406418423
2.80003454599
2.13438919338
0.810347026583
-1.26800369425
-0.198758837324
-2.25398371577
-0.888580086017
0.617571800294
2.62005623915
1.34345266674
1.41468782961
2.70291395911
0.210622429083
-2.19191792332
0.0139156033728
-1.48979699622
-0.936667459426
1.21507014714
0.754132920137
-0.099007518402
1.54366355119
1.79727399622
2.55092195828
-0.556861416742
-2.21477155472
-1.58787556924
-1.25318564069
-0.540063425064
-1.86641588996
-0.532426299398
-1.88692670132
-1.23845364786
-1.64152148523
-0.483707396914
-0.165955176605
0.955931110218
1.03530833805
-1.54553583813
-1.07208995022
0.171197943705
0.810153436365
-1.47154192908
0.282432199265
1.8487830766
-0.336587248935
-0.301693638051
-0.29574399823
0.640221624945
-1.20926492075
0.237542395906
-0.0872649633555
-0.278474411444
0.57613353573
1.46913360281
1.37133085188
0.049006291547
-0.631695999017
-0.282525570608
-1.48153594098
-0.362586308435
1.54573702582
-1.64091137866
-0.968866259142
-0.0464406615844
-0.206480544624
-1.91462414796
-2.2667712983
-2.58187243326
-2.10255804462
1.34394555679
2.73721978675
0.432779463245
1.02624761502
1.73984568499
0.109694401452
-1.49588501229
-1.53088596868
-0.30542273704
-0.169323118463
2.36162346786
0.878566197436
-0.0948981660559
1.1509021217
0.188231261444
0.69618184588
0.876807622939
0.617260557028
-0.933771040116
-0.628763140184
1.52826193796
-1.10669971574
-1.43530232165
1.01783681042
0.0788490451769
-1.41991521976
-0.105277282292
-1.73542166666
-0.6777424974
-1.99699043373
-1.24872538351
1.5463149284
1.35219638973
-0.620676265638
-1.49775315496
-1.43173530662
-3.47346050972
-0.387777248382
0.349232632537
0.654879407018
-2.10684074039
-0.363899530661
0.751724562845
-0.475919805462
-1.96468066551
0.798168846708
-0.520521502487
-1.46188199187
-0.391521061646
-0.318572126738
-1.99029965038
-0.0980203001991
1.87426193019
1.11373599992
1.07185771886
-0.27457003728
-0.297794651472
0.948759986561
0.609167020633
1.31197078258
2.40379051932
-0.394619982412
1.93691280478
1.32131087416
0.648741779048
0.575542114736
0.189343152429
0.547206968173
-0.313292410544
-0.684736226305
0.857512980111
-0.596604776965
-0.395426142348
-1.42940776554
1.5874480351
1.52579336396
-0.553421441542
2.39239682987
0.815485806324
-1.88380267955
0.563278036432
-0.428837202676
-0.832828186924
0.87833450218
0.503856349556
-1.06567140027
0.141355033858
0.178455632428
-0.248661711548
-1.14252069061
0.121814866789
1.88540537058
-0.582229402404
-1.99218696209
0.311105033594
-2.19861099011
-3.39349040077
-2.63463929863
-4.60334319647
-2.89780903665
-1.27741670568
-4.0984299226
-3.39145109428
-2.74960614021
1.34274310778
3.33639054341
0.0195117190398
-2.74458328509
-2.5970326221
0.905060139919
2.42120747601
1.62154230576
-0.458211377167
1.32261372618
0.873525337342
3.10743212927
3.91926289442
1.54120551207
-0.715492695598
1.24985319048
3.9986666296
0.975064482259
0.199447299526
-1.36443307585
-1.65703652571
0.408895114257
2.81704820115
4.49835051648
2.17222252627
-0.894890983163
-1.17134752292
1.07297466347
2.41779846948
2.35949237436
0.394560171788
2.41156685687
1.23733286917
1.04530463021
1.1080967789
-0.47820890028
-0.321542619679
2.01006496745
1.52663432543
1.22333174316
0.728147603419
3.61152866896
-0.148466109746
0.617810506869
0.874772322659
-0.0645198362178
-0.342363359741
-0.781310476155
0.638701451069
1.21240136498
0.399690956278
2.18451229474
3.09149891888
2.79318978804
1.78030415075
0.176184030526
-0.389312238935
1.48244918464
-0.412760127319
2.18000612926
0.315084074473
-0.40270213656
-1.73873417943
-0.115473334291
-0.149598008245
-0.155065466257
1.58775028617
0.865277975383
-0.898087832087
0.652247194193
2.48123486867
0.760423430454
-0.699946824524
2.00365947336
0.388233358306
-1.49962646674
1.26612599446
1.39598232649
0.760573394168
1.94284448134
1.78474922581
-1.65054840693
-1.57365230558
-1.25910973727
-1.90056217244
-3.26562602689
-2.67403384018
-1.03334446348
-1.59062016926
-1.40817836
-0.631191174794
-2.09078560275
-1.03658446273
-2.99903453381
-1.14871592602
-5.74605924446
-0.581996778433
-0.964177732629
1.17032037875
-1.26820011448
-0.31082797297
-0.369944385399
-1.23937702495
0.463178232829
0.00156482522313
-1.85549673174
1.7945128717
0.212933888132
1.24456471522
5.259185854
-3.75017606217
-4.92179753593
-2.77165876046
0.190290125982
2.15974220749
-2.93294862488
0.971973451162
-1.36226766825
1.8376548231
2.5020160778
2.00079034464
-1.91653994551
-5.34399172698
-3.56669670816
-2.9267409487
-4.60708618071
3.17680141164
0.0110189948129
1.52903088809
-0.575392314169
-4.72112365226
-1.48573602022
-0.165034834721
-1.88013188876
-2.60035215577
-2.70140767967
-3.02313816126
3.52308182008
-1.57732484497
-1.34104508659
-0.633648138533
-0.614342965765
-1.37417323174
-0.0612960734281
1.51929626741
0.799238110323
1.75002958251
1.28598243964
2.07817875093
-0.982704230947
-2.0321616815
-1.08043653191
2.93692016742
-2.31508028601
-5.79806453853
3.37930791598
-3.93906054993
-0.0553619434146
-1.36762714891
1.4714519902
-0.769310508311
1.63852188105
-0.356542773215
2.48834789636
-3.33317305978
-0.548061144285
0.423090423133
1.58540523917
-1.76311509617
0.869760990549
0.847517532431
-1.01677624942
0.552794473994
-0.0149585151428
-0.483213008588
-1.00014309984
-1.95293612048
0.861530032739
-0.326115337158
0.731614545637
2.97696642113
-0.146763012615
-3.70494795592
-0.119681231896
0.384934837702
-1.71743027993
-3.00807055398
0.00391609359257
1.67946068386
1.4251802505
0.144181801272
0.324456354123
-0.970998651624
-1.49202065969
1.00108750443
-1.30221787958
-0.619121266909
-1.70029004467
0.927114051525
1.13019617202
4.76949995376
-1.85592987652
-3.4858420685
-2.14350539845
-0.640138142058
-1.69439403698
2.61980954884
-1.20407385794
2.27058850829
2.275589753
0.45730186034
-2.44762435771
-1.53295320124
-0.508035683296
1.01260276142
-1.56978378812
-1.22585337567
5.32920257473
5.08682906006
0.258999664338
0.810539323655
2.61094290661
3.66125846311
2.13230543282
1.20393200872
3.63809179307
0.71774155326
0.682343908834
0.756133589169
-1.02591652955
-4.97344212155
0.582632314089
-1.30879449333
2.12912925424
0.748903737969
1.69705655785
2.72953338302
1.06738024191
-2.80210014382
1.14756851423
4.31478546313
0.201739994931
2.58438771295
1.76482425393
3.20635751186
-0.930707089465
3.19292241232
2.40409525374
2.23372404894
2.31785425693
0.523232148643
2.78500873699
3.20425360176
2.94329332755
4.34271566658
1.55650099527
0.140697721401
2.06845717569
-1.15920663731
-1.83735880415
-1.52724813
-0.86484835456
0.376050469375
0.924365601014
-1.38842044859
-0.0905274630213
0.604533069288
2.53646046466
0.855433629833
-0.190446869513
0.428209955103
-0.635856584679
0.672626834055
2.76338646607
1.91471241052
-0.546630399311
-0.307345779234
1.20877571082
-0.90470193168
0.282888935444
1.20445979579
1.6766320444
1.05920748187
0.853939785459
-0.243108109887
