-0.0595495271352
-0.831165062107
-1.14946109415
-0.765769915491
-1.9753874798
-2.30318731468
1.08495747088
0.363974523554
1.48105042747
0.580542619837
-0.045720826282
0.150030725273
0.0780647197869
-1.00144387552
0.14410585559
2.59131677287
-1.95793835638
-1.37836380376
-1.4470561213
-1.49108001685
-0.908362546886
1.19445098253
2.67818752789
-0.491248513553
-1.69144780429
-2.73125071115
-1.41311981313
-0.713911182518
1.53702468652
-0.164887798413
-1.02959933308
-0.325141634102
1.2474503147
0.880918422089
1.50824528639
0.905431710084
0.0395620063068
0.547325186112
0.159921051515
2.57882245728
2.56887461266
1.42294798322
1.49147478999
1.7321142543
3.62936630219
2.96568361891
4.0713670021
2.03073581762
0.710344986843
1.16710499348
2.27655185679
2.08281947007
1.08644128757
0.0855956525517
1.96589604427
2.29306353798
1.54065376726
1.87550563814
2.69949045587
3.82094702847
4.04597905641
2.69658144262
-0.117985305195
1.16796650695
-0.872532779361
-2.00594630115
-1.17226965331
0.948967771016
2.83847781566
0.333326577825
0.73956290785
0.0915203792148
-1.54349486001
-0.129772845338
-0.71160201415
-1.80458872254
-3.05300194712
-0.344473944734
-2.06290248347
-1.8150460624
1.52990707391
1.13666481122
0.627223519572
-0.626707870168
-0.309675739379
1.41359422869
0.022732538988
-0.239482293896
0.62582368967
0.322276241913
-0.914703629128
-0.162895575864
1.31485441075
0.497395930508
1.30914276631
-0.115145660345
-0.139228223585
0.119726965758
-0.0582234969162
1.49509685721
-0.0825674666311
0.524716977972
-0.404098357985
-0.173044266242
-2.53658017349
-0.95898373059
1.21484732776
1.20209362334
0.707731815389
1.08801282565
-1.7998997386
-2.07691843841
-1.93812471636
-0.819474935389
1.74221741097
2.6669266002
0.914713835261
-0.784307477824
-0.0455382620601
-0.927540590281
-0.291261165909
-0.770578184484
0.203742342709
-0.740891178067
-1.03918073801
-0.903635260499
1.00739054274
1.42571883805
0.611363520534
0.395419064722
-0.935325176076
-1.46135804681
1.11019386232
-0.238459998184
0.330810179539
0.175569808406
-0.178732111681
0.598036235011
-0.473247215767
0.0886612353686
1.26963940479
0.0935448746876
0.243524441667
1.67823484704
4.15043288848
3.4237181981
1.39354093836
1.54247904373
0.726507088918
0.227150166717
0.595435297682
-0.859964162518
-1.40365120296
-0.616948591255
-0.377473856367
0.571732923376
-0.214573182077
0.656464284794
-0.2106701382
-1.37497819566
-0.00347902038093
-0.603113877372
0.0876516021056
-2.14236709871
0.425243366652
0.950850772024
-0.495109337004
1.56933042112
0.0988714694727
-1.31968860287
0.426283806585
1.1373044568
0.851601771984
0.1299724732
-0.0751719002828
-1.90642318345
-0.974501435324
-0.509500097942
-0.863320826917
-1.88025048559
-0.227273124441
-0.19031409656
0.700326435794
0.202955981943
-0.391346888487
1.28004358466
0.641808672316
0.811050851757
0.994159344213
0.228672014954
-1.31144473873
-0.151061187901
0.366591617012
0.936426657259
0.700360340158
-1.55571121215
-0.888682437248
-0.531484292461
0.383376853903
1.32420889052
0.54854838031
0.0117044659113
0.711242034892
-1.21783102292
-2.22936113009
-1.03209856458
-0.447404617768
0.359950632194
0.218447293175
-0.124351838964
-1.5182018584
-1.52378235045
-2.78058183735
-0.800903879302
-1.2124895922
1.04345961757
0.297790630127
-0.888787103303
-0.115204802512
-0.525831583333
0.335733159939
-0.607363590948
0.8267132223
0.575376764441
-0.844952879323
0.402512380206
2.18712939573
1.7366993821
1.3679549408
-1.24793184731
0.0810834451052
-1.1517280191
2.49450207196
-0.0857027710144
0.0362624122418
-0.824076731143
-1.18739057861
0.361057844471
-1.76151716433
-0.568297252315
-0.381995870996
-1.05996762132
-2.78371219918
0.232452595518
1.06129557223
0.804597329219
0.954071853016
-1.30660068093
-1.34046426079
-1.62584900188
-2.61065296103
-3.31552557954
-2.75027389275
-2.22218688526
-0.625360925499
-0.592632323577
0.152755529886
0.337041404561
-0.668060359825
-1.02269245986
-0.314473449676
-0.134064722943
-0.898628370813
-1.02332795334
1.52989508283
0.582712743374
-0.465246917888
1.89015118883
1.3950859094
0.704819374154
-0.416920900641
1.88018757082
0.112408649917
0.420194548143
-0.511428709945
-1.11236254051
-2.74566229594
-0.845583622438
-1.32211082856
0.0982184771685
0.503063209947
0.761963961491
-0.162581778536
-0.990678157991
-0.983304879155
0.503451531752
-0.880585043994
1.33871176139
-0.052470130967
-0.580290699706
-0.295382188743
0.174030562058
-0.849702689007
0.983725584177
-0.381306725686
-0.67378134973
0.284432955059
-0.698378078865
0.473045776703
0.546514671002
0.610306902716
1.24037495704
-0.57637511629
-1.05522610181
-2.32822091048
-2.06210279984
-0.838752577941
-0.87097113592
-0.379694770573
-0.767163226489
-1.22331412199
-1.05344258574
-1.02474292166
-1.18000086182
0.931088257922
1.76309027683
-0.660426988264
-0.902467823433
1.36147523329
-0.598508158438
-0.235715024982
2.0229010294
3.39287359638
1.49969601132
-1.31483854361
0.270763595084
1.68463983156
1.68048453999
-1.29157323469
-0.168644498987
-1.16154484049
-1.83007708958
1.57826903062
1.1063756493
0.00182804790898
-0.212524409874
0.788807171208
-0.778738799746
0.469869104508
-0.776500861032
-1.16343672853
-0.353669721411
-0.963637569868
0.501097512405
0.0204276605179
1.34855149965
1.5025921067
0.638869459139
0.111334131237
-0.202184237658
-1.30558146094
-3.46111037753
-2.99026830422
-2.39485174367
-0.684692316288
-0.701469576467
1.25888347005
0.384666111851
-0.282713820224
-1.22050345406
-0.737601254164
0.488640978553
0.197795387762
-0.963155753454
0.919755862081
0.576608377525
-0.70157973474
0.924283900968
-0.718648642384
-1.26287596886
0.202085497857
-1.10310194575
-0.043811257974
0.306796632036
-0.990185533243
-2.70709975338
-0.786938816936
1.11744877219
0.653324420509
-1.0620705128
-0.106099116965
-0.501662103291
1.86779046426
-0.381411728541
-0.2927004023
1.03154141428
-0.964113463079
0.472826741762
0.275714690299
1.38993415474
0.283096626117
0.169455152698
0.0528729773622
0.295655774565
1.45733672501
0.662682401439
-0.235045524112
1.14721086052
-0.0862054493774
0.617493771184
1.02004145313
0.968759436615
0.820435736067
0.440086137557
-1.79074704691
-2.01471642559
-0.0779630717438
-1.24046370346
-0.876815638887
0.703553455636
-0.224248714995
-1.04832441673
-0.0787184663432
0.910604293871
0.871288530362
1.56220699368
1.16584445853
-1.12050248885
0.107669978312
0.473600619581
-0.798440884365
1.2177024484
2.03144911179
1.4390844052
-0.349330851509
0.457659206141
0.170982994713
-0.183492746958
-0.280342354127
1.11368977085
1.10699299854
-1.38075438432
1.54281781199
0.534246989764
0.152507648821
0.395230758125
0.186146207729
1.12823820391
0.834354238314
0.118183792209
-0.961934964637
0.675309338227
-0.00707116782013
2.08150905809
2.19565997338
0.634975105919
1.16339178994
0.574648852771
-0.0739554266038
1.50797403507
-0.147079666173
-0.233323103462
-1.20205302686
-0.609395785922
1.33640281571
-0.568729342775
2.03312705503
-1.05608617665
0.114744670669
-0.303165289918
0.221253837234
1.24999934395
0.436629802783
-1.70182266864
0.563819689921
-1.78693974792
-1.28735301185
-2.28849283212
-1.93991676248
-2.55727540467
-1.23535361711
-2.94100533479
0.166828528733
0.766222775027
-0.814859744096
-2.31116405457
-0.620536816421
1.28624683928
0.168415902019
-0.0921896884087
-0.127797751524
0.708112343661
0.560763995186
1.24112998941
-0.722019050632
-0.843916065022
-0.176447926669
0.991602803208
0.0370252666783
0.87941362977
0.551311142526
0.755638325145
-0.675164633817
-0.265509022103
-0.395534463304
-0.130027612698
0.216257603376
1.2525052187
0.469191529621
0.75040225011
1.29846700136
1.26175179065
0.935611796423
0.741313674546
0.38914776274
-1.03938638121
0.138222105756
-0.334700498608
-1.87677401495
-1.15710342057
0.361784204489
-1.80024223639
-0.601568346174
0.0406870537438
-0.492952531677
0.974281591474
0.026913413018
-1.11154873192
1.56758285981
1.2481857823
0.506382809008
3.81573296013
4.47070365992
-0.195631693678
1.17421229068
-0.46579389524
1.64328190431
1.96147621375
1.67213320589
1.42929003797
0.742400699091
-0.549041530468
0.346338357467
0.106912573389
-0.940768656829
0.969417515716
0.613960168405
-0.0888619210707
-0.181584227247
-1.86639381597
-1.20740501639
-0.785025177516
-0.146589498502
-0.246129187639
-0.25084691601
-0.718877985367
-1.61373419239
-0.878380106254
1.12346574161
0.981806616211
0.809755462384
1.21228947231
2.08678044323
1.07784017231
2.51040094777
1.39257014036
1.68788756852
1.1107286211
3.5536603232
2.13860942754
1.473678705
0.640280410126
0.861532615704
0.52925475356
0.853797433401
1.07932173441
0.479990671009
0.104749379308
1.68535588225
-0.162253955392
0.688800799131
1.6903369975
-0.662389698351
0.86452091236
0.123702324613
-1.6996638616
0.0428723121361
1.73785356697
1.49455926721
-1.40690329448
0.544189108537
-0.186478448389
-0.812287107265
-0.222844430234
0.530043854229
0.199845724208
0.67819503283
1.57530360097
1.03331038709
0.389967979857
1.50988981907
0.234971702294
0.737651470614
0.295153143957
0.277888213854
-0.269757598294
0.0466439163535
0.249265201975
-0.523170097968
1.52135044844
-0.286031529907
0.646717596872
1.10493784347
-0.311321154511
-0.852541239897
-0.80780576727
-0.116266299657
-3.21033281176
0.542334390583
-1.81236441521
-2.4971969348
-3.42364189622
-0.539791655789
-1.42402503577
-1.41129168884
1.52691638478
0.672665982122
0.115044137212
2.12333701741
1.73143359078
0.72384415128
1.96957592063
1.5728278025
-0.966528469121
0.85050564358
-0.895455983628
0.743094010373
3.05960892737
1.98413469922
0.0855129902432
-0.450248864597
-0.176642452036
0.490135923996
-0.759402405704
-1.9387714627
-1.80748225803
0.651229097091
0.0135059497301
-0.601902649901
-0.376502111734
-0.0940826274825
-0.659545637533
-0.123884267005
-0.00294757686981
0.5795086687
-0.137525026425
-1.62229304129
0.541696106078
1.58882751552
0.210493477882
-1.77102015229
-1.15866241131
0.344779888637
0.619010509529
0.950938748369
0.334789634779
0.005631869735
-0.572072781758
-0.502064802742
0.0139588181823
1.65210942344
0.372490887447
0.882389641444
-0.622631315504
1.48931890911
1.74895145486
0.441159182079
1.10424633341
1.47570623989
1.32526383217
1.53735431455
0.889761938276
0.453050434841
1.28190144125
0.853337772264
0.38887261368
-0.349422460533
1.22802362592
1.04572027164
-0.445811683054
0.183602689196
-0.899165853546
-1.41594269832
-0.689034723348
1.11240842448
0.557443476149
1.28300632427
1.91432080032
2.94392330057
1.69205963371
0.0297173863482
-0.12197175687
1.33313069733
0.526008474773
0.98436781315
0.770175428259
-1.31796750257
-1.07497031382
0.910212262498
-0.344145232316
-1.21355013353
-0.106263276906
0.0207699402562
-0.224075727741
-1.93461300356
-1.36491370276
-2.29207484366
-3.15707342418
-2.14218632761
-1.7278172324
-1.60054749446
-1.30531380316
-1.81126200144
-2.79703323063
-1.86595248837
1.06196998397
1.92351491273
-0.119547436949
-0.244062921128
0.196786541169
0.189084774375
1.37712288885
2.1084263308
0.509924716626
0.510915590754
-0.4737497791
-0.252211355305
2.86118314469
3.93271044168
0.537665326373
0.876157358908
2.19943153047
0.814603370741
-1.51328202652
-2.17128852272
-0.132552416773
2.21821853787
2.5502872781
2.20795298744
1.67251992574
-0.0691869564258
-1.20903727049
-0.681173726162
0.355441302874
0.0153109568435
0.543532608756
1.73771767517
2.6779336513
0.415971006288
1.72557029617
-0.253273134803
2.57164064006
1.80786977403
-1.86407711669
-0.336129034204
-0.168744170344
-1.15076342567
-3.23366246615
-0.110655668679
1.85087033782
2.26149153978
1.53812668616
1.9715881345
-0.254429938237
-1.92862743523
-1.89814227703
0.876661442453
-0.899503682369
-0.46233293948
1.30678365155
0.747751540881
-0.853565583457
-4.28085930258
-1.83966598478
-1.32538313507
-1.15681116405
-1.7190874971
-1.26462308846
-0.958609875229
0.521661094535
-1.86939094071
-1.2423441153
-2.47973510371
-1.21272333807
-1.42044295297
-0.0358783934821
0.51333335517
2.46104895927
2.29267560524
0.428647083034
0.859447090375
0.523068092055
-0.214668259243
1.48610062546
0.242389212071
-1.72770892959
-1.85844107733
-0.706598055828
-0.0947012840789
-1.42634720333
-2.51772693571
-1.61782223647
-1.57681997564
0.0155762051113
-4.11703224388
-1.64157640806
0.952916606853
-2.93258040121
-2.06676521369
-1.06887063437
-2.00541841168
-5.50907373227
1.5754380762
-4.17183747029
0.513914910958
2.07166086486
1.41267584878
-0.253744724822
-2.06315520295
0.735701845938
-1.15897829819
2.97692771304
3.35698556021
2.31005428534
-0.478500318734
0.0126762745371
-0.253313835665
-0.6490951531
6.17244414021
2.98440841024
0.353265503626
2.69682852627
1.24929672344
0.178295493014
1.41515983059
-0.210665609694
1.73152838188
1.49779859443
1.37242662128
1.30012822691
1.06365404622
3.38620878504
1.04811137827
2.28722454839
-1.38620378796
1.46733516768
3.39624942559
6.45673883179
1.14716522209
0.247395280959
1.88674702652
2.47615245301
-1.21900472373
-0.0686096076254
-0.899524791025
-1.70725710537
-0.953729331216
-0.86666371536
-2.27489181739
-0.0427940961227
2.21734300984
-0.955538999385
3.05396799487
-0.924666892337
-1.09938166353
0.0231937119877
-3.85189016811
-4.45978142005
-0.737719256417
0.663980936832
0.632772630781
-3.17663197651
3.59785893724
-1.07170166987
-0.354827949051
-4.32623456089
-0.149835622266
-0.421048655376
1.6625894847
-1.52567422537
0.269398907303
-1.04709123395
1.68285283753
0.536018314165
2.37477957307
0.382119594707
-0.593143269509
0.187712112569
0.0542243338361
-0.208671283036
-0.474253996555
-0.45009796289
2.43914325718
0.570957498018
2.33299378344
-0.242634228276
0.0562619714524
0.0165427449285
-0.0746457289791
0.482082013186
-1.64205471442
-3.13392441749
-1.08466942777
1.86972332746
-4.39607572341
-0.449746912102
0.481545191863
-0.564143133032
-0.768734710035
-2.19938910356
-2.1689874237
-5.99821302449
-3.65221920926
-5.65532166427
0.878098808208
5.28876151184
-0.538413027548
0.136935420913
-0.182889305534
2.35837334998
0.378979153466
3.83153197799
2.85975971413
-0.145650999068
-1.31322904145
2.32685976948
-1.48420658498
-0.153488489183
4.74372524665
1.43975050458
1.5709061292
2.3278824052
3.37191172135
4.21743710743
1.65302596351
-0.39201288557
3.66938872662
0.900737686116
6.09503425185
2.39040480454
-0.84952415689
3.17958196208
0.465142459558
-0.308212693701
1.43987814911
-0.310308172323
2.46697884084
-2.16261355763
0.244242007347
1.04435825645
-1.18848981055
1.73284136894
-1.69741998115
-1.28238144511
1.78244409719
-0.185840429247
0.281855334947
1.6978235379
5.76525968955
3.13742160301
-0.728022314271
-0.935214497552
2.66781264566
-0.541681047217
2.63180496525
0.665713834379
1.62676993577
-0.691506791805
-1.76131030592
0.717254490725
0.57952345103
2.35958282355
2.5134001606
-1.14106403765
-0.368594491656
-1.12355313919
0.58517931766
-0.667347610485
0.0476494899206
-0.221951766606
0.656525833424
-0.530291003855
-0.771793764667
0.155389646312
-0.10056155828
0.638355989398
-0.777692575434
-1.90147496468
0.562804702673
1.85105916147
1.18149706831
1.96992556545
0.0253542509106
-0.0692964795898
0.390314251762
0.123496494112
-0.432059140155
-1.19160555856
0.137880358292
-0.248994711897
