1.02261884463
1.40449434152
-0.0439440969147
-0.661191743167
-0.0571159946764
1.21534547909
1.33703832006
-0.175377481568
0.940472266441
1.55537425627
0.0398954432093
2.09073346494
2.50548638644
1.96630902883
1.28149343479
2.14751260144
0.438082185551
0.461737377372
0.282012686575
0.114536840948
0.202235741688
0.378683988179
1.20523451582
-0.363619883387
-0.998869118066
0.510494189418
-0.104320129595
-1.03393153886
-0.0116385624348
1.1161849576
2.71947895267
2.83548400563
0.127284251168
0.416683446782
0.0259074171045
0.129351759927
-0.792761404015
-0.790453443396
-0.33708283817
1.373364489
1.26536111492
1.60281295296
1.28125046034
1.62653802302
0.897052919427
-0.0750593909582
1.45200135665
0.611844949161
0.443779032781
-0.289406207408
1.43756896515
1.80266607679
1.71196136338
0.346876077258
0.583546089985
1.54665164053
1.66867676642
0.646841540989
-0.166805772579
0.483373304458
0.192881114749
0.836849790164
0.6842044605
0.544898948133
-0.249462451992
-0.0771447435013
0.59561473389
0.512010808787
1.54779795326
-0.535805271112
-0.698433228468
-0.234764601914
-0.481663853797
0.377898918007
1.21229438118
0.624145036865
0.756177100504
0.00968373579989
1.16075208519
1.32530829754
-0.0433274333967
-0.472206970247
0.53475535299
0.29770117158
0.600977539226
-0.364567470934
0.73556703847
0.683642989578
-0.916834534721
-0.928283488159
-1.02299647739
0.266329932338
0.611252371136
0.279700187909
0.0992876007144
0.749342726686
-0.255396817225
0.497124608261
1.59615509979
-0.153690897734
-0.328185180407
-0.30392419832
1.16008227653
-0.0811070980202
0.938525900369
0.104949672489
1.32384631238
0.918579993702
1.25847169612
0.221567234307
0.314265330702
-0.18306664474
1.68426934965
0.188991679137
0.482051644822
0.69006103655
1.70996292399
0.150745436965
-0.557675130093
-1.05715332672
0.394885167002
-1.57868056901
-0.0545790151567
-0.514048275813
-1.28486424591
1.13366469304
0.13726552717
-0.190657807644
-0.878065556525
1.22793189892
1.44765730324
0.799356325416
0.138710376466
0.666762290784
0.563720011495
0.916187615272
-0.288857351383
-0.147836543309
0.327882821257
-0.503821847422
0.362892977941
0.726905735165
0.0724278169799
-0.0707730033033
0.748517983419
-0.163362436683
1.97227396792
0.644711770086
0.380421081396
0.299440543076
0.927128501904
1.00047663828
1.0370670628
0.106656863417
-0.280868310341
0.814932754635
0.987003897593
-0.617313217859
-0.669624633514
0.442405325226
0.915975719761
1.21521136455
-0.121046186
-0.352408040684
0.942329428627
-0.816765259679
0.152911576348
-0.465677297175
1.27803783584
1.78286334183
0.828083589833
0.372673412823
-1.13791609193
-0.738490965607
-0.0520852618881
1.11851743337
0.741703156211
1.31204184196
0.424066148979
0.195949434911
0.509196366177
0.507598572722
0.911806065794
-0.367953902126
-0.455444601568
0.389625659221
0.30690156092
0.229212861717
0.642647205067
-0.0760590470798
-0.252881240986
0.334908537888
0.0139072601381
0.343079269877
-0.439614796634
1.05543901065
-0.854918803326
-0.157576140896
-0.626868376546
-0.624279448837
0.461567480372
0.29773200709
1.18238158397
0.256971967437
-0.256571892787
0.0288058213661
1.08366519517
1.91705771507
0.832888028803
0.243738396385
1.09107638286
-0.197071663486
-0.150996277552
-0.577480506946
0.624049572674
2.06498988283
1.14978294982
-0.553223044568
-1.00982393504
-0.06075893585
0.981862431154
0.695957539076
1.02511582771
1.01466186425
-0.282298232207
-0.510665264268
0.879146324642
-0.0584905435233
-0.344230267625
1.21214259095
0.471226139264
-0.78505143942
0.145119519317
1.21014298117
-0.358972859124
-0.526161349317
-0.834171221215
0.927317890594
0.626563988806
2.11961482859
0.301596824737
0.951574220921
0.240595330395
0.0325723321501
-0.083487584508
0.585262928949
0.566229561209
1.067408862
-0.143825285114
0.84291991933
0.912470615509
-0.462182825094
-0.694348078206
0.000476971260971
-0.100739271097
0.674897498978
-0.829420075109
-0.476243621945
-0.489565437046
-0.82920977481
0.743609830554
0.68808021858
0.500066796409
0.854713146145
0.614801789993
0.350597108508
-1.20233347111
0.300488993666
0.893222322509
0.953720598362
1.08744858844
-0.223845630735
0.31130403688
0.949280986139
-0.401062820345
0.237507793991
1.04697640668
0.126660256823
0.477112102769
1.62674018696
1.04010889165
0.781757659623
1.23970992952
0.0543859722661
0.931300417975
0.18391057548
0.343503726891
-0.27431010048
0.891393903722
-0.931942219883
0.873711737295
0.791334339936
0.107752643448
1.09149105749
0.540221698323
0.384571658403
0.612233687819
-0.231027414656
0.872183491518
-0.854562680805
0.374040810919
0.620475858797
0.113973003932
-0.612346578262
-0.481429666302
1.44749034695
1.03362658763
0.618275755641
-0.0533806946387
-0.268105537604
1.30613078492
1.47726333684
0.709300386151
0.544717361637
-0.245221648868
0.920365509762
0.0318211604078
0.136902701865
-1.18820075038
-0.153467329513
-0.404007843335
0.0844932071439
1.38372350709
2.07582344435
0.621351437253
0.0748437172333
-1.05622875359
0.311090634279
1.37557695296
1.17671716911
-0.277027334
0.0452920707235
0.511455969619
0.0751870609769
1.86638118141
1.21491642213
1.06717227778
0.880220149661
0.0465622282104
1.51743850858
1.21363108366
1.31322845789
0.927994884875
0.383735718999
-0.532864437454
-0.100295244034
1.63501679574
2.57388142982
0.0277300925501
1.93725131455
0.30323296057
0.930921716057
-0.252056200587
0.420582841356
0.273773803328
0.0779202348789
0.813812253123
0.15908484796
1.63472432543
-0.239125468255
-0.271046914144
-0.387877877242
1.24570411514
1.22682044758
-0.255947766731
0.488246481727
0.762905286918
0.471055898477
-0.840124614227
0.980148493401
0.801996757945
-0.0989789102824
0.698772941767
-0.643187935497
0.307140767662
-0.373815756173
0.938422668815
1.45011225041
1.57472252751
0.171377118181
-0.235810522227
1.19320174151
0.828433693597
0.94074506862
-0.260306071449
-0.824776806114
0.68999852867
0.12817537083
1.25624972964
0.35449949087
-0.536737803244
-0.545212967291
0.632907487829
1.51676382598
0.226101246998
0.945245252313
-0.183999715649
0.336721648611
1.3388303077
1.30368424022
0.951919758528
0.390454159208
-0.256415989408
-0.0191837299763
0.738402249456
0.901184922693
2.29627854848
0.197923539943
0.904070575043
1.24912125104
-0.0318267562596
1.89266060319
0.771671108923
0.464002222843
-0.0146296221482
1.54498539055
1.36162068628
0.969082927846
1.24128257985
0.953438381971
-0.204713719459
-0.077056502297
1.2589964576
0.774653363624
-0.416677467675
0.986111533413
-0.33217122151
-0.118524074152
0.0510622951862
0.272374835176
0.745644185515
0.81292953467
0.0330849462847
0.64185569839
1.58329883915
1.47298933972
1.26357299176
0.203667881293
-0.0422100939049
0.334344699714
-0.282041846334
0.548023736253
0.000592199861083
2.08384212553
1.50105597921
0.957406731141
1.13790773201
1.73974725281
0.0554102892235
1.50530413399
2.29536241898
0.930898433668
1.4281427037
1.73325713223
0.32731013813
1.38714909106
1.38323680058
0.545119012701
1.64046947713
0.629925672667
1.2809564973
0.856780724532
0.0843549060249
0.676863915466
1.65961594353
1.47524965036
0.945335915152
0.522804734717
0.862288875046
-0.085291157127
0.970864360541
1.35660996335
0.228125999811
-0.578624508107
-0.54150438056
0.556430672324
-0.195711440894
0.885480586446
0.942050567586
-0.0522107706814
0.209124659162
1.15963266992
-0.330143660795
-0.380995348144
1.23028756364
-0.503011233225
0.38458035201
0.248359606745
-0.00915447253747
-0.769530545439
-0.489148824156
-0.392176633623
0.594664079359
0.180932411506
1.37409939703
0.860350653746
-0.0675938279296
0.719389969996
1.69413980623
-0.531794275339
0.265073425514
-0.0455026271964
0.415487015774
-0.764641644271
0.259405091893
0.881160902442
2.39031903947
0.972770511677
1.00461926662
-0.265448579267
-0.0596790500052
2.56109437449
1.51865519801
0.548396705995
-0.357758587852
2.45798641113
1.2725402692
0.540213983071
0.353273315181
0.882894658857
0.167801647519
-0.412331765186
1.33631830548
-0.344957916206
0.654994845539
0.781397524457
-0.195954403579
0.362166341887
-0.186354555777
1.15122168553
1.2225487165
0.788059650559
-0.243384043604
-0.131262264716
0.278248081959
0.576774739869
1.22751865347
0.775551793604
1.28574063815
0.744734516725
-0.91653335459
-1.07335242292
1.20185072061
1.19432911187
-0.037311674496
0.262226684902
2.12761106358
1.50423839997
-0.645277114387
-0.353768537993
0.976884301284
-0.460003253083
0.127820919168
0.3376334824
0.414175479013
0.540675560739
-0.510758035919
0.998480315576
-0.701447510801
0.510931597681
0.420028519903
0.861232537794
0.0375080875546
1.38017598998
0.88767344071
-0.600546470918
-0.377368980829
0.359344872787
0.349238335772
1.02234104984
0.970418731872
1.45826248235
-1.05749182436
-0.864581381929
0.175544978909
1.35592000265
0.64655161347
1.49555178178
0.130598152997
1.65419058181
-0.185786734201
0.691483560439
1.33403981828
0.830457434084
0.895180254107
-0.465762139968
-0.549344747051
0.45515219372
0.94395437138
-0.313029226367
-0.481246335759
-0.60629533047
1.21676338561
1.05302213681
1.41622440462
1.1814000167
1.12403279293
0.0875206843088
0.808926923459
-0.833835091182
-0.67806475342
1.5166602417
0.517609512592
-0.689840870045
0.75339322583
2.35213482756
1.17847620978
-0.77591582641
-0.0643049682853
-0.202065733105
0.3366757348
0.450916759536
1.22901657847
-0.277842671767
0.537240983711
2.91206582293
0.411688968597
-0.104526943518
0.384510877331
-0.631111395767
0.791769836021
0.800391939326
1.08890176264
-0.182789917
0.833495318117
1.20531785237
2.0840831489
1.03376945352
0.407194632801
0.735979555804
-0.233933491832
0.246004591579
0.50355085986
0.603567231191
0.575946767432
1.34150940522
1.14811863578
0.978254845986
0.0291968470442
0.626492938361
-0.218431568567
-0.26086748678
0.98238523604
0.491161949227
1.7897581644
-0.00316793087268
1.13570278797
0.396188899725
0.474850120563
0.731357454042
1.205896818
-0.489755784232
0.227360401212
-0.226916415401
0.307257066841
0.455117608605
0.368274914801
0.701492167672
0.217180977058
0.760305419788
0.669542515117
1.36421030252
1.30771130419
1.61982887038
-0.145920241171
0.172708286007
0.0915513553877
-1.14014862701
0.449849388636
-0.515130657333
-0.640964319665
-0.437101652319
0.490989401474
-0.231429729559
0.737726068128
0.662516379526
0.453103729449
-0.436756732733
0.719373387364
0.471054242603
0.513850929822
1.08330770404
0.558909715785
0.405558441697
0.263149142696
0.825029447983
1.33861394837
0.281038453217
0.95945675658
0.760997044738
0.486805065506
-0.432250067491
-0.638035102487
1.40764236792
1.67089750712
1.2155523851
0.842166996569
1.13697345473
2.0790419645
-0.132522357623
0.703492757513
1.30960091492
1.12424530676
0.639053856488
1.27164777568
0.779125194145
1.66509380763
1.47449446311
0.927542054993
-0.474504904495
-0.875210231163
-0.314125035422
0.949373402654
1.53764614099
0.516330012763
2.32559332834
1.17070575212
1.87556008708
1.07816721981
0.457536244316
1.70894672909
-0.6597303633
0.684777150395
1.16689710145
0.117838246792
1.83184482374
2.00952298563
1.14395251513
-0.787591074907
0.549672096124
2.06524613334
-0.069115336534
1.10543006602
1.9401705012
1.97601574714
1.86219542971
1.64038378335
0.704195532822
0.270966092698
1.57918043565
1.47711653065
-0.23593643835
0.894052541217
1.45463155665
1.19556559963
0.245415775895
0.700337358381
1.51652852923
-0.0241697951461
0.828837664313
0.89739817513
0.656931835291
-0.709294397916
2.57564792089
1.80405443715
1.3743253298
1.71337091271
1.52417787498
0.105259894741
0.10326815687
2.40815770116
2.37310470844
2.13286631567
1.87182863685
0.0649255157571
0.279395712187
1.51554390982
0.19677851484
1.62900258151
1.6816663913
0.350107315316
0.413883605666
-0.0219581159586
0.309852602749
0.992480363701
1.00640515081
-0.919794911158
-0.190333556455
-0.0928789181614
-0.645304018169
-0.923958967754
0.847493815027
-0.56218646319
1.34415711425
0.992288195491
0.769088655704
1.3409208364
1.27208487199
1.16240136697
0.36875381896
-0.312626811601
0.550518199445
0.357448693118
0.486674288934
0.234891450363
1.34771163053
0.240892216851
0.468046502802
0.326843736398
0.966514348221
0.0912148649729
1.87404041548
0.809673271919
-0.325154525792
-0.806914492342
1.68588944599
0.0838667296178
1.14809590378
1.5438179532
0.327314506362
0.238488202211
1.02697164713
-0.0410752318774
0.380213871865
0.836193655502
3.46234847173
1.39905991769
1.57151627091
0.598561794187
0.77237517848
1.71108368226
0.318309812976
-0.296106527678
1.46234116293
0.323171495992
-0.425587945411
-0.8118569562
-0.220829706342
-0.020469206204
2.13276591807
2.04009164562
1.40504907782
1.53034017489
1.94701877316
0.220962532127
2.13955520339
2.31159986153
1.4378974729
-0.536172525223
0.241665520805
0.243720847903
0.676335748567
0.773022925454
0.649742079157
0.62722315401
-1.83204204209
0.727433514705
1.61025438497
-0.364889715956
-1.59017793542
1.81008892807
1.5549163596
-0.413122876729
0.459325419499
-0.0738191441474
1.28882855136
0.159752877971
1.17549656227
1.04307375832
1.07091339797
0.402447464552
0.647664327679
1.82569449877
-1.1923125753
-1.29265883172
-0.656632447512
-0.496993826957
0.187855560588
-0.0629835446212
-0.597382067808
2.19890847242
0.653532478591
0.0697169191318
0.162532312652
1.16572472991
0.583043679117
-0.0580884820966
0.397205587189
1.28050936036
0.278149395727
1.06299318995
0.359864269379
0.77285156408
0.0654253876631
-0.26003171142
0.795612932812
0.772764076507
0.415105399746
-0.14211999566
0.0970822258058
0.352881000473
1.10741609126
1.71964711389
1.15717426751
0.0880987615963
-0.20790571658
0.485138281869
0.575351665385
2.28089257131
0.989550755365
0.0952588706937
-0.198902357226
1.21696070461
1.49674114671
-0.490500112407
0.930436503704
1.5529624076
0.0598359413065
1.18334792189
-0.682851690397
0.804437905227
1.43229036828
1.34565178643
1.29340721506
0.540669326437
4.71529783197
0.151967142997
-0.0941721906598
-0.791857456532
0.396482470687
0.892520608822
1.07058354443
1.04503016308
1.78654730815
0.60728306294
0.844875361708
-0.107383269977
-0.203740454811
1.51844284682
0.942223889549
1.21603910255
0.716455884194
2.10701075978
1.41444919803
-0.432413220928
-0.204057839455
0.598463236022
0.117844202251
2.60512972223
1.41879819306
0.067168197357
0.429616552718
0.920408045496
-0.160325136119
0.679419776371
-0.752463499826
1.03335223162
0.853147415372
0.237100139689
1.67141475802
-0.577257112862
1.66153614496
1.18255031582
0.147905642655
0.866007704243
1.31358392596
-0.0182216487568
1.64104675536
3.60518813203
2.28420519188
1.44408784342
1.42715785172
-0.142956204823
0.46076365724
1.04825201201
0.483607015805
-0.214490624548
-0.0298495363989
1.19095786049
0.163854286816
1.96214096848
0.563115759266
2.35560265319
0.555345787093
-0.257347060683
0.343376121586
0.319460225585
0.0482130743635
2.90132461564
0.614998530846
-1.25181120552
-0.226630060344
0.42939393233
0.05559722848
0.084061485473
-0.0569190109266
0.103337615922
1.00272423597
1.55295119481
1.08618396651
-0.39387368387
1.09115192862
0.627022843039
-0.326298514892
-0.133922202885
0.670628340894
-0.403986199159
0.717640517859
-0.370823076482
1.19045188141
