1.00722520089
1.53555594479
1.14480433008
2.61822832574
0.213133284862
-0.303353530758
-2.11871737639
0.53541571128
-1.60504074566
-1.81974570258
-1.55918389097
-2.94450063111
-1.22544131286
-0.177909462279
-0.729432687599
-0.530699525197
-3.07378524853
-1.67008118749
-1.21630748762
0.823903532752
0.684905010313
-0.222783886192
1.89476452027
2.74016813017
-1.66622762391
-1.16210936908
-0.0437584448296
0.00754661266684
2.60199013892
1.93513851129
2.21477484955
3.15780147696
0.838469629661
1.46624107441
-0.58011694607
-0.238844657734
-0.916947503978
0.632351745793
0.166440156036
0.805554007929
2.74681535013
1.19441796918
0.3688125958
-0.44720599368
1.37158943545
-0.619381547992
-1.06887221584
-2.47975707078
-0.252916552828
-0.0437001048299
-2.75192294907
-3.19512486579
0.55547700375
-0.636614317479
0.239527591514
0.234160528453
-3.50002560543
-0.383165595763
1.29378234565
-1.73494274381
-0.300866458391
-1.39933333064
-0.19643620954
-1.05815139756
-1.00013112489
-0.782926978268
-0.634229107926
0.782178024371
-0.276380937116
0.619868374039
1.66661859235
2.66950210704
-0.0581401125527
0.0085074332059
-0.986979541673
-1.82881196632
-1.5495202491
-2.54229132825
-2.72434748295
-1.27602201648
0.855599487199
0.00120055433253
1.72770718476
-0.29954907549
0.516460791519
1.61570560827
1.84742712694
0.0381453937561
0.550490618911
1.54181214378
2.62756689662
1.09825633132
-0.165764426232
-0.650541861028
0.072237107846
0.218055997816
-0.622974368503
-1.33466940241
-1.28774470575
-0.895954379968
0.0195632384311
-0.394667039634
-1.90964114258
0.672147934999
-0.20855103996
-0.581920940134
-2.57896663536
-1.06888646263
-1.04696849638
-0.358935089049
0.0700146849555
-0.176843061549
0.133602092957
1.93818462402
2.70395638714
1.34054632007
-0.96347248508
-1.35547211865
0.761301475158
1.52540027592
1.35569825656
1.47362391449
2.09178967737
0.566685082303
1.40730099883
-0.244264936723
-0.0864131671733
1.94242115636
2.55762743905
0.78700879017
1.04967254598
1.93089794253
2.66739118095
1.78927409343
1.02751926438
1.39467346588
1.40307776575
0.12171155402
0.0424960506703
0.460213894898
1.53563234957
1.49456831843
-0.0418654887284
2.19560986928
1.58090653655
-0.632455082
-2.03894015281
-0.0815052803318
1.9556206218
1.84486494116
-0.0288052199076
-0.146894686218
0.896725002952
0.832339680925
-0.275607064499
-0.762913791889
-1.95163507403
-0.22207255079
0.434128949834
0.20303929121
-0.246134866232
0.707138611608
1.37207933547
-1.84761864061
-1.18270781007
-1.47986567458
0.246550047139
0.982020960628
0.0670232799219
1.03861909443
0.198792417867
-0.830404592388
-0.165026086306
-0.672342415031
-0.017848611148
-1.54390044051
-1.93944826558
-2.04259092042
-0.490995567196
-1.96875433023
-0.681375362806
-0.13309935271
-0.211576672934
-0.0546404180397
-0.0581980867372
0.484117003317
0.769477360266
1.00405433619
-0.419353013053
0.0117011527949
-0.0626247426345
1.21620550251
-0.421362588103
-0.505894960648
1.44780458502
1.052128055
-1.32826244025
-1.08030052161
-0.455183252528
0.502483081527
-0.576920854109
-3.10892468296
-1.6388781815
1.70218294204
1.27623004363
0.67780841832
-2.01342976254
-0.419474120168
-1.4162001634
0.156543884353
0.817770525514
0.191866764726
-0.165884789924
0.99309520541
1.78837725219
2.01911498708
-1.16676018787
0.203129224777
0.988067309325
2.59301927657
0.610746986584
2.87497171532
2.40537750338
2.1512456146
-0.286405421884
0.0393603658349
1.06428444023
0.180375228756
-2.89276262618
-3.2364273891
-0.976007535548
0.451198807946
1.55171227336
2.0521053424
0.732613333897
0.761705588722
-0.0776520993006
-0.395947675179
-0.426492277896
-2.06218157721
1.21590922378
-0.160943820644
-1.25983791305
0.792478441354
1.80763639652
0.900819288815
-1.071363013
1.3135565188
0.484414399842
2.04552112452
-0.975751157548
0.656585808459
1.99845201204
0.0519468651618
1.25737714581
-0.319504185183
0.808483283953
0.0368080404201
1.42534622742
1.08193123365
-0.281864513753
-0.0597027320442
0.104911034031
-2.68722688725
-0.233674049711
-0.204095739844
1.86445357887
1.71958333753
0.516410657322
0.568217027055
1.56140760721
1.57849832549
-0.163290673933
1.345236174
-0.0184510602942
1.27535169263
-0.198351880294
-0.396411820256
-1.4701929658
-2.53669626382
-0.754906440224
0.419176495516
0.727857202097
-0.0952284559324
-1.03062497358
0.733886865339
0.641311600528
0.562884549361
-0.678024957595
0.484999349579
0.874847229097
-0.307150081969
-0.638348172913
1.08697005295
-0.168098864048
0.220987933216
-0.982814881173
-1.50148812398
-0.86715672825
0.608151466738
-1.58478123244
-4.01058050486
-1.85538633227
-0.272845867966
1.02526204675
0.604014566458
0.372973360248
0.68226547053
-1.79950698695
1.49387397207
0.746495366982
-0.190614989461
-1.42340820638
0.56166062774
1.45101567095
1.99245569091
-1.02072010575
-1.5123119179
0.143402177076
1.38527059524
0.247600317293
1.92221147882
1.97229998887
3.63970867093
-1.2173314244
-0.83088279431
-0.178170505459
-1.15677560566
-4.48680507908
-4.53694676928
-2.91812594245
-1.09749822447
0.630452581353
-0.692030215448
-2.68257319165
-2.61516259695
-2.20195872263
-2.36632083096
-1.29942061848
-2.99940571541
-0.720626371696
-1.61573731765
-2.9900597124
0.0035498965738
2.43310119813
0.169179371239
-1.44969371361
-2.19825697402
0.0580881040963
0.131699946006
-1.53645066376
-1.49648187068
-0.723297029536
-1.16208116545
0.910666051406
1.6887045715
-1.43710698948
-0.580333857814
0.412721336337
-1.40560931332
-1.89429559848
-0.621384528908
-1.84172835285
0.727409399803
-0.425267147531
0.657104495618
1.57108112244
0.105750112861
1.53071364755
1.06735456957
1.34829404961
2.34267002072
2.81351821605
1.15206816535
1.40801195483
1.40220186803
0.549756551272
0.177701017334
-1.77438115742
-3.17230907276
0.79671858544
0.629229555296
0.18432302334
-1.23183995136
-1.01318170352
-0.235312817436
-1.62512909609
-0.299920377525
-0.383094877279
0.892544537427
-0.62264639472
0.825266922464
-1.19532628616
-1.22857336704
-0.340546258202
1.4977034814
-0.760159858774
-1.49263742288
-1.32221098552
-0.128231403263
0.932983170258
-1.22312333208
0.837853130993
0.770200668138
1.71989279269
1.08797518303
-0.376540194642
-0.479903854678
-0.665396681829
-0.414896652134
0.138290912312
-2.02517073393
-1.03932910159
1.39164563414
0.30936334563
-0.432717459391
-0.739131950115
-0.289544563255
0.63657676364
-1.91719101125
-1.56507595098
0.726036508772
3.37023640307
0.679053947479
-1.14786023678
-3.03192762234
-2.54869018907
-2.5451009006
-3.10367546858
-0.699038600899
1.08425339691
1.00385728103
-0.852674336897
-0.325837826205
-3.08597091175
-2.71596613861
0.361957736141
-0.287268871557
-0.790863940873
-0.668242657035
0.725804168474
0.941431634235
-1.77701902648
0.0690048811058
2.28264696171
0.367031723687
-2.35117479196
-2.46864183261
-0.734290881326
-0.169115057223
-1.06495156221
-0.711346631763
0.319767355429
-2.29341215627
0.510751430778
-1.34367363993
-2.11197765094
-0.439998481907
0.86685907015
0.512213024533
-1.59718376015
-2.35408342326
-0.5259373165
0.41698536899
-2.95080929371
-0.0364276987163
0.392007474824
-0.575573212165
-0.78118957475
-0.561861034146
0.736362893681
0.813575971362
1.63115446235
1.12289206076
0.899236371739
0.884474163519
-0.309569607913
-0.906483152266
-2.86969750544
-2.41405987059
1.1444719386
0.130669567229
-0.195359062545
-0.858650033639
-0.648338827248
0.22125061745
-1.22511496482
-0.233141383283
-0.848056771609
1.10531062041
-0.373934222467
-0.480723324064
0.526032346499
-0.801117466382
0.292898069854
2.3066999625
-0.820840414742
-0.567165261374
-1.71975752972
1.20471038055
0.796620698119
-1.34187656453
1.07046549844
2.48145020909
0.846263406842
1.22558530089
-1.75933467105
0.67306521007
-1.45856852316
-0.31465396241
-1.46006902995
-3.06153655518
-2.53683753331
-0.116270982538
-1.09446846412
-2.51727874652
-2.03559583661
-1.38931906604
-0.448533446634
-0.861774569999
0.192813634295
2.10978062452
1.90954585985
0.568662499723
-1.87893502534
-3.00697951521
1.48092284748
1.16293656652
1.07671508563
2.81304521376
4.27464661446
3.43214039452
0.491559604809
-0.729318325006
-1.51478691511
-1.30800258163
2.42615455298
0.995055051344
1.26206719937
0.519344091862
3.95765809054
2.6236265031
-2.7383485758
-2.43912948671
0.207139738859
1.25067930151
-1.5800528252
0.584627972454
-2.25666879401
-1.03607587561
-0.334946952129
0.976632878927
-0.127357947229
0.224851055201
-1.85873079171
-2.61105563297
-1.07776281614
0.441265440677
2.4142667301
0.51876862601
-1.44874320956
0.898095516016
1.01037233116
1.07045892772
1.78015624128
0.899413888729
0.12743334103
1.18032059473
-0.216919028684
1.56391195316
0.92379729825
0.381629243752
1.05369726389
1.92246113715
2.22827353808
-0.15017169827
-1.12379190757
-2.07708803235
-0.945222339198
-2.44991987697
2.06652512142
-0.154821329695
0.462529119164
0.160036755492
0.620314952114
0.273776537763
0.560509222126
1.14210066
-0.771617033643
-0.267014578742
1.31400459641
0.812819253119
0.487814990854
0.0908057624897
-0.946452026393
1.13117850593
-1.34066596397
-0.253029443737
-0.740496867867
1.24838961006
0.876309518611
-2.51678122344
-0.159533176475
2.32785424769
1.57185852731
-0.0551181972583
1.04859992302
2.9435035739
-1.12833812121
-0.0231344034054
1.33154559108
0.432306973578
-0.726993197463
-1.97108423821
-0.694981086446
-1.66575392396
-1.53471016014
0.750582066652
-1.24601866848
0.719027714328
1.10574377486
0.912628321889
0.89148623783
-0.455740152457
0.314331075824
-2.37445144669
-0.546226461199
-0.760542287732
1.41902068678
1.93806776371
2.02933180919
0.647640416504
0.639038421428
-0.966181041362
-1.27327381319
-1.6984365583
1.07455429973
0.181614563752
0.228471788664
0.237921677708
2.23505594329
1.63249909218
-2.71758921159
-1.32799114341
-1.72676411858
0.726109414132
-1.01735183469
-0.213181631487
-2.31746675516
-2.40989968642
-2.95708281775
-0.388356030435
1.00865044893
0.634702936926
-1.65793461429
-2.13305519036
-3.29437962764
-1.29171199708
-1.13826842644
-1.09630467611
-2.04923846272
-1.78377100139
-1.50396929807
-2.71002409805
0.768316729915
0.153709504816
-1.38851467671
-0.712530747065
0.776157881955
-0.686534848382
-0.889128490949
-1.29858660966
-0.232007448161
1.88002207222
0.640682089053
1.14564417838
-0.218921962329
0.0316320397943
-0.0558070790076
0.300520841515
1.59506963107
0.0521880139781
-0.125096412516
0.603781252349
-1.14393444914
0.16703201298
1.85877165271
2.62698897969
1.89695994636
1.17987048573
1.79268959304
2.14593111479
-0.088345181234
-0.124373347931
-1.03232219565
0.241261506691
-0.557455730263
-0.272890679578
-0.778583630556
1.56444014658
-0.0407659149013
-2.78401141017
-1.11400230964
-0.0683848854305
1.06000706846
-1.51724944001
0.382004779051
2.09214601239
1.96357892493
2.31559591939
2.89060027811
2.69394271866
1.20865028591
2.0082572964
0.674698404224
-2.04566283954
-3.57499632578
-2.02493308412
1.68892911388
3.14057237867
-0.0549882590985
-0.219880711583
1.17847666133
-1.21310410598
2.60505374486
1.57003160913
1.18078910114
0.187706986326
0.305544345748
-2.96439476097
-0.271747474548
0.541800912995
3.06260377183
-0.283764189506
-0.913265169577
0.292495899092
0.97114175365
1.91149800564
1.84157503228
1.37092242878
2.50393997152
2.41154048589
-0.88317076064
-2.2930515785
-0.467192868107
4.21707710335
1.58871454573
0.243853114932
-0.0220568770066
0.161970785352
-2.3822663903
-0.903851602938
-0.619392816988
1.63229249147
0.464647339704
0.331528183459
1.39848925044
1.87350529559
2.38180929044
2.27466020817
0.17294460494
2.37209099103
-0.266624439922
-1.81768114282
0.679585455188
-1.80461098874
-2.25904780983
-0.39953942951
-1.23043034073
0.620516683659
0.533858510885
0.0153293060385
0.0262560895162
1.96352907172
0.888253624102
0.517740201624
0.689077400757
0.869795530167
1.85096755814
0.771169002138
2.53773383934
1.0228748006
0.755339803722
0.461580373552
-3.06811295725
-1.27702122817
-0.85121662505
1.45718069763
1.45609267633
1.20699549414
0.673160153658
0.633186997255
1.31227557709
-0.34145697864
0.216222782492
-1.66211152004
0.170374152523
-0.460482599715
-0.0766460088428
0.309201139935
1.6576745134
1.0470163182
1.45381025958
2.99657468388
0.879502006954
-1.31430587752
0.951048436768
-0.186914046704
2.2427606821
1.86104255183
3.37086209757
1.6831814321
1.03329747135
0.27836920524
-0.241589254279
-1.08198860863
1.23924022239
-2.07328382634
-1.31979500122
3.52234142417
2.72919242634
0.0567554790233
2.93465826855
-0.996719733194
0.666566296224
-1.80044410955
-2.22876908511
0.844196121155
-1.13577098595
0.882703642197
-0.00364503611695
-0.176187348466
2.54384768982
0.689434276418
0.586305671263
0.542247614547
-1.12094410605
0.405391737903
-2.52204317484
-3.81706429433
-2.96419417619
-0.355649729231
-3.82390225932
-2.59610864429
3.02880155576
3.05101776837
4.04848765646
0.562866283149
1.97802064482
0.92981320238
2.80674236753
-0.101526529957
1.96990001522
6.88001709165
2.42509303696
1.53760854032
-1.77478292565
2.08783270325
1.49801853197
0.118763911852
3.11460240167
3.11549792224
2.48568851652
0.632985340649
3.90071738323
-2.20132472347
-0.495991120183
3.4679701566
2.95255808855
4.35456170567
2.22213322356
-1.15015268027
-0.198109666026
5.58274431773
2.75092483526
0.345341239538
-3.79193530768
-1.2245172918
-0.599465048236
-1.28806351416
2.74682135172
-0.753987313506
-2.70670840193
-0.406915006175
1.00408425503
0.667383186732
0.0768446645479
-0.355741365493
-1.08638294835
-0.81747433654
1.09618116592
0.886535724909
-0.0243529438995
0.672057408252
0.420761102931
-0.302933953652
-1.62293575955
-0.187305400452
-2.2168547795
-2.24574130065
1.7209443527
0.272953281262
0.301205919142
3.10028089312
0.312723909007
0.113127366887
1.51133486754
3.04086152826
2.61510022833
-1.29597320062
0.423535236484
0.232967636671
1.23229045745
-2.8277906102
1.57890575183
0.786487952698
1.58545220391
0.950511553842
1.09083165352
3.1148346294
2.92867418904
3.26714231067
3.5832863089
-0.0393292038339
-0.825412523169
1.78482264853
3.93464635593
3.97513614338
0.701413130394
-1.18653182444
-1.47926202452
-0.26500307716
-5.25215022243
-3.21022623734
0.212803214434
-1.40020031296
0.881473036405
4.80272989533
0.617864554071
0.193379499827
-5.65671187018
0.752815413675
-5.66402100926
-4.45272150985
-2.89893071921
-4.28837977017
-1.98038125642
-2.80488038473
-0.316018214535
1.20938976595
1.75902331971
-2.8457443948
-1.42933182564
-1.1860658064
-2.11484507617
0.108828547999
3.85541975293
0.0209176791016
-1.77926379967
0.747741898083
0.806286079515
0.875693802957
0.278804427048
2.04634155018
1.44374066934
2.23772004427
-0.282420480238
1.87630525954
-1.08864938989
-0.719825104871
0.215367613104
-0.962399972015
0.0406729431753
-0.443896831897
-0.267824814706
-3.0713557944
-1.10287594
-0.116375576873
-0.487481140496
-0.0503438142648
1.22413873913
-0.696194097229
-3.35784748932
-1.55869738498
-1.5763943619
0.0776575901093
-0.0911996949508
-1.45842870432
-2.26380321404
-1.83024656142
1.16688019695
0.944851172451
0.0636574666695
-1.49522086921
0.514310334214
0.110804333187
-1.58618890702
0.05087940828
0.167230475671
-0.552945268844
