0.195992577049
-0.657853809336
-2.03946742737
-0.173703442192
-1.90277890422
-1.9680533933
1.19823677209
1.77933474909
0.844057166055
1.07051401088
-0.669695090242
-0.692381037921
-0.563206176275
1.78098971197
1.76235372385
2.4652422878
-1.13935067777
1.48866773295
-0.28657893568
-1.4076049642
-0.796048201672
0.959837849139
1.032409487
0.181424409004
-1.80500387451
-0.952319989606
-1.52215562438
-1.48746582607
0.583958378906
0.155814493944
0.505710720378
-0.101790482759
0.249914196501
0.609242612616
-0.290604564271
-1.2787755169
-0.914849113728
2.1893984992
2.0388553628
1.52637544139
1.11610123852
0.69978846516
-0.525196832113
0.324598688217
1.98362883011
1.55000503446
1.43564999893
1.22428513789
0.900118553377
2.53721186984
0.579745604065
-2.25373136387
-1.25634226099
-1.04667589617
0.767684751323
-0.0738938980016
-1.85911127812
-1.43446322413
1.30601825166
0.201307253659
2.75940567516
0.972344883022
-0.366258025436
-1.16513821507
-0.0927451786791
2.99330337679
1.66770867818
-0.482649542447
-0.642299901503
-0.233746002352
0.0947432049909
0.151612756235
1.78660338914
-0.903967414596
0.152837219723
0.583713309323
0.0263771618636
-0.451997341688
0.350182932079
0.514245247673
-0.45357957499
-1.63666763801
-1.16104389864
-0.132123932967
-0.554419967984
-0.250405906876
-0.382000019757
-0.791096716931
0.36554479614
1.0853683299
0.333424350645
0.967447451199
0.201571619919
-0.809698724752
0.273982238104
1.39692367962
0.404362885695
-0.0165786026883
-0.404390647004
0.585676104396
-0.448858524149
-0.920501344745
-1.12195146728
-0.310388125202
-1.01543917784
-0.53438121107
1.10942638415
0.848826611582
-0.847103365037
-0.321782962283
-1.42237034202
-2.77437417215
-2.4091861226
0.00331927937673
1.44370581046
-0.355720008425
-1.00667329522
0.314244565298
0.459454962754
0.0669469041574
-0.684003807853
2.04597272433
0.14906448693
-0.0253392784545
-1.04036526776
-0.775652843274
-1.72984680915
1.16610175513
-0.067233946475
0.301485840669
0.357981961592
-0.338951353861
1.3172763161
-0.717874400802
0.168060853084
0.942207986645
0.730667541186
1.03616204804
0.152202806742
0.618806176298
0.568068996747
-0.136338297799
-0.557741161367
0.51436166245
1.24775222211
1.05322407967
0.905306198928
1.81553639041
1.14080706106
1.07441135396
-0.452964828893
-1.69118840182
-0.126078850605
0.945867669096
0.185336358047
0.477771590583
1.46488989696
0.547752413813
0.578590800983
-0.349578157645
-0.812222523305
-0.000777341763211
-1.10887982692
-1.66156269836
1.02121968002
1.18908311636
0.860726708652
0.548594701435
-1.008478379
-0.940817563417
-0.893990315209
0.493836851191
1.79732266877
0.523773797216
-0.783195763932
-0.0167077567931
-0.579630120975
-1.01579425215
-0.526580114652
0.108444596903
0.583394235093
-1.48055994513
-1.34667062119
-0.964750923037
-1.44013321862
0.312191423107
-0.334433826188
0.0658042546702
0.272632022454
0.240029505897
-0.164210842309
-0.872346818792
0.115881739182
0.652737478132
0.739474034304
0.365925525963
-0.258028961773
-0.492946513618
-0.700696697565
-0.523117598416
0.163227690176
-0.26732664572
-1.49788917958
-1.21736129349
-2.55340062286
-1.7377385437
0.304945366091
0.185996714763
-0.660136916188
-1.17269393438
-0.792123407564
-1.74539656871
-1.12012028707
-0.29448216046
1.1866463135
-0.110851943262
-1.31540666813
-0.153006167539
1.10540626578
-2.13254990146
-0.22953473732
1.09196674328
-0.191478555478
-1.67285156875
0.143552284376
0.688344119149
-0.714628702455
-0.670842059224
-1.01615575876
-1.35522076248
1.04400651205
1.30713897155
1.02684894186
-0.0292589490931
-0.824951907703
-0.51202685588
1.30411935997
-0.148873860809
0.453199716041
0.302534005474
1.9616852284
-0.159842298342
-0.0615879995046
-0.874928452854
-1.26095738885
0.373326222481
-0.879857699952
1.0293157116
-0.0144858850489
-0.776214231889
-0.206001204546
0.840713258968
0.0956834028889
-0.225782587891
-0.867306389933
0.0456071683671
0.625528360819
-0.124440938272
0.70347987322
0.366015889304
-0.466833624678
-1.49625911489
-0.598042804144
-0.371438738842
-1.21196909732
0.00235838451318
0.291642912762
-0.546356475446
-0.275034558539
-0.86874612065
0.684480513878
-0.714130751385
-0.311250916539
-0.760489781618
-0.29182437409
-0.940809930884
-0.594698161858
-1.06497382073
-0.564391479848
0.160309913146
-0.544781634858
-1.98293565677
-0.949965087288
-2.32649439625
-2.1517202316
0.390892272599
0.607889223036
0.161539316623
0.683231130873
1.13914498856
-0.34190689315
0.00690858368101
0.0537128349894
0.154155545277
0.413092888749
-0.353824193624
-0.944469940757
-0.137173625951
-1.71687295378
-0.179396617386
1.32170441708
0.237154520175
-0.766169394608
0.306018548802
-0.663319874609
0.407894212217
0.851382514872
-0.645685261066
-1.45579864323
0.433713362897
-1.47566464269
-2.87954648013
-0.772499283922
1.31846682699
1.68991579097
0.816482778905
-1.004148425
0.576747864899
0.283196579987
0.226262121645
0.147239932962
0.840263887307
1.06867428132
0.101541707103
-0.351861323215
1.31352848818
1.91679377483
0.983202096077
-1.03354975892
-0.115038374372
1.03210847874
1.4772904714
-0.816749214543
1.34476516431
0.142442972847
-0.629177352327
0.653146941219
-0.0535525708627
-0.127318310638
-0.310349299075
1.68699659848
-1.11000301935
-2.91716238875
-0.959895724842
-1.28081740679
0.790255305669
1.01753825879
0.258709128488
-0.339618973457
-1.4755339956
-0.957582571007
-0.823958471449
0.652555182824
-0.200058260939
-0.990678394903
0.00807259939925
1.54053822574
1.2150543765
0.171162396613
-0.408552337239
0.072703296401
0.184492633034
0.554665531558
-0.0853970035776
0.609972130676
-0.176133555667
-1.13388628657
-0.424069586638
-0.116604495636
1.17440784758
0.342813031917
-0.125582520163
-1.2458549907
0.96882944896
0.532661938708
-1.71198082306
-0.584803061088
-1.4695991545
-1.16745056844
-2.03953927843
-0.638740638734
-1.73769871672
-1.76362966751
-1.2872411027
-1.22750563268
-0.71638795284
-0.0972009776756
1.28583190305
0.864781271647
-0.82857888319
-0.762283653382
0.36455113668
0.224153714868
0.122287747522
-0.570561957603
0.779024924829
-0.0668609103189
0.303532060752
-0.871897347372
-0.601796224573
0.521935515831
0.822623702484
1.05873963824
0.407510086907
-1.64100994092
-1.18527839287
1.23566118592
-0.127391178104
0.0717682665667
0.867899807796
-0.125511979235
-2.24960037682
-1.66530413004
0.583537352501
1.76661677818
0.265123182174
-2.43253120449
-0.0301540231802
1.75475089427
-1.21470406277
-0.813636236604
2.37612261359
2.70382539257
2.86003570269
-0.437629811243
0.571709351279
1.68051676282
0.877304773554
-0.0542182489316
2.05354696457
1.00586910818
1.89220955662
-2.39867033623
-1.8176108626
-0.0610132946729
-0.962972386213
-1.98784632144
-1.41495628273
-1.22257409096
-0.421650835589
1.07882976555
0.24170608728
-2.62673869421
-0.39264083441
0.845775401295
-1.2317426988
-0.612206735318
-1.31599775209
1.12671430942
1.34249322859
1.4555426628
0.237099126083
1.19649278686
-0.110283927808
0.548291244384
0.166373070272
1.5208594822
0.809932616029
-0.0404204513883
0.837425630114
0.0585222721189
0.509353822034
-0.368675130502
1.71753977631
0.15937793945
-0.877836998406
-1.31635810016
-1.39959875855
-1.25198491862
-1.95321121342
-1.80321364754
-1.66646445015
-1.04438853718
1.02578266498
-0.257048575308
-1.17550981217
0.284218294916
0.754085130577
0.755191435691
-0.897274426971
0.307280176672
-1.45440539537
-2.31181963368
-1.05892648747
0.324394442245
-0.13515083455
-0.42351827297
1.15874606357
0.488741172431
0.390398980986
0.574687594537
0.852793146882
-0.36849898047
-0.721654770582
0.333709245508
0.23612353192
-0.244606903302
-0.640040705096
-1.25263781476
-1.34752406875
0.191635458915
1.2481185542
1.03050530751
1.64341875154
0.621892403718
0.165531333744
0.46556138311
1.13132833832
-0.930150262012
0.237922691438
-1.85358005861
-2.26817619976
-1.89483509754
-1.22458855169
1.45754050027
-0.749036396909
-1.88599589536
0.833760654336
1.23519730515
-0.118994639145
0.000644370569299
2.26213602642
1.5978389795
0.346876424911
-1.01211755142
0.938905636426
0.944085458895
1.80242517586
1.91991517817
0.61117628864
0.298384102135
1.28839192908
-0.0884593059192
0.252724755236
0.413060560589
-0.687498323461
-0.690912247155
-0.472634500511
0.583084721283
0.121203798115
0.733520142185
0.111208067698
-1.1746203536
0.336232852697
1.73431749753
1.1165764756
0.515457470599
-0.445723818226
0.669118529167
0.509555434681
0.638961089511
-0.752493309792
-0.361161332062
-0.213403855561
1.43139355688
1.07511088162
0.52557688057
0.637323399868
0.654951985577
1.32294810199
0.0279937565959
0.644007818609
-1.42122340016
-0.532299983147
1.47722410796
0.884694449446
0.121670454828
0.674985867092
-0.0617048560284
-1.46318495584
-3.0768588491
-1.52229871007
1.02129925218
0.866543652032
-0.148951971206
-0.691466930272
-1.51333641443
-1.75352519614
-0.686534049336
-1.42437623987
0.497547722965
-1.29363432704
-1.62216659269
-0.200481542903
-0.11091463366
0.94160995864
-1.34811785072
-1.23710027598
-1.02671210467
-0.874384097867
-0.613922892676
0.894234973127
0.59296338212
0.174470637451
-1.07806658783
-0.251441739927
-1.20516318287
-0.571995921072
-0.540921180826
0.398768689859
-0.361012131896
0.178561710582
-0.305339674376
0.336227306991
0.548914222554
0.669354395756
0.949548689927
0.464448810674
-0.0790205481742
-0.871018245417
-1.82693768756
-3.57168748644
-2.26066383026
-1.67493413157
-0.105202022751
-0.76211338127
-2.16747734906
1.85647435181
0.168602253607
-0.765948294941
1.25211980973
1.28025640326
0.238389066033
-0.329051930028
-0.392817380632
-0.0221462651009
0.533524840508
0.903976183252
0.957990648953
1.30671184038
-0.115895051381
-0.25828769222
0.208008827629
-0.000392403926369
-0.620243504138
0.244284285477
1.51222269237
2.6848125752
1.62696201689
0.374785090042
0.0298125919976
-0.393590176252
-0.783354216378
0.359090690222
0.131582008386
-0.194539062452
0.144526676586
0.489768087705
-0.801292827566
-1.55954512096
0.0526085065637
-0.70081494529
-1.38496327103
-0.39233547273
-0.647899349812
-0.809232506347
1.66740580468
-0.615022527706
0.677803387061
1.5478046562
-0.568743975265
0.391667037729
0.12251823873
-0.285499606067
3.5780109751
0.202914539893
0.522473333604
1.99523896831
1.19205134868
-0.0858075255406
-1.27535534257
0.183486195267
-1.16776101621
0.322912451593
-1.39633643975
-2.11304277299
-1.96421866109
-2.4440676966
-1.35340149732
-0.155429638386
0.983869930661
1.22757893541
-1.42527369949
0.840123937508
0.366915648377
-0.163486487842
-1.28032862392
-0.0285963470375
-0.818978323623
0.088678433977
1.19844680096
-0.480985800998
0.293425476716
-0.573985759479
-0.744196635423
0.206654412823
-1.49114201325
-1.79950218081
-0.380586168983
-1.02130046882
-0.862382195822
-0.143805999514
-1.12619504018
0.173077349929
-0.0567980077549
-0.413655942832
-0.81654453445
-2.07465359296
-1.41334514564
-1.08489122683
-2.37548433472
-1.82623223905
-2.37449894407
-1.35925230473
-2.10901432864
-1.74011325332
-0.561394200605
0.838737828989
-0.662785358288
-2.72104201953
-0.422796531504
2.42062812187
0.927022497373
-1.02392325711
-1.64057196889
-2.46295044981
0.141523575863
-0.876343926562
1.23504056829
-0.672687935317
0.998371492137
1.08433058325
1.26234356753
-0.0158580048739
1.33147561694
0.991087374544
2.12389002357
2.91791454202
2.99706108161
1.99870357782
0.882402178705
0.485838769569
1.08033700403
0.818947722311
1.80807002767
1.27604687535
1.31940877011
1.98935506742
-0.259164272451
0.882945594588
0.502536829074
0.186546472279
-1.12678340453
-1.87446029511
-1.00919146547
-1.69462031683
1.55582564294
0.175714873384
0.665300290858
0.306095052211
-1.14090184405
-0.481708897224
-2.25978096177
-2.29813465524
1.1736573965
0.661234578105
1.75729794515
3.33831169267
1.80448387582
2.07310233679
-0.301625822833
1.3403249961
-0.103489405457
-1.3545084832
0.210826428904
-0.586553342977
0.52737930002
0.163746202334
1.28615336742
1.70989922411
1.68750105734
1.62527168944
-0.85508872853
-1.33857775288
0.564491103112
-0.542049904046
-1.10718032826
-1.18202851816
-2.88448147201
-0.16414775992
0.445710537684
0.467909659455
1.1048457381
0.372855125981
1.33514966872
0.669844743653
-0.798178153245
-1.57560755589
-0.978754482665
-1.18552710493
-1.08541439461
-3.74464188579
-1.29943848929
1.27210560294
-0.565884711343
-2.96572625177
-1.87040364006
1.29042961809
-3.81549676371
-1.33913620255
-3.19009802772
-4.18393779593
-0.394810479369
-1.15288427746
0.45293444479
-2.38145062314
-2.14503257341
-0.745277556344
-1.21021954324
0.160066257979
-0.777127711414
2.77904429087
2.66549565105
2.72902651399
1.29461100795
2.86602474285
2.22663888075
3.1490461378
4.10181275185
0.637755220045
-1.6011397639
1.58540428313
0.274396103269
0.0752778545013
1.07683114996
2.67555535392
0.017567591283
-0.758704453364
-0.271204964215
1.91218484139
2.17276808713
0.552274552853
-0.323983092236
1.38032370043
3.82978056628
-1.5157037594
0.12138092252
1.10718864202
1.30231990901
-1.04473150282
-0.15815457429
0.140923472065
-0.250299968147
5.83549095518
-1.03809146515
2.48487541343
2.36317029779
2.40404096316
2.37520807971
1.78048674769
-0.0336339851905
-1.32000290026
-2.34022155312
0.714093480257
2.69125328654
1.36011933714
-2.14345913253
1.76234508286
0.000519595611178
1.43441065434
1.20604642401
-0.925030045131
0.0799271520419
1.50193431625
0.227152819332
2.20660259065
-0.196232268397
-1.88212475128
-0.260833603058
1.40781742022
1.88529004613
-2.32282140323
-4.02643038532
-1.66006343171
0.515425828709
0.582438694855
-1.43532130053
-1.51565825575
0.214531489614
-0.440691141766
-0.433650078174
1.49763392929
0.145660377123
-0.46885060729
-0.363236713225
0.845915801843
0.170499749078
-0.039696906678
0.533866462118
-1.13297120637
1.37916203165
-0.140921024327
-1.21710983346
0.563928735538
-0.0505910838523
-2.65308925341
0.216998659418
-1.62131233236
-0.750292828626
1.51743990084
-0.534238790041
-3.39525932694
-1.52787910277
-3.28612192021
-0.754577720321
-1.44526142339
-3.97879216053
-2.7965741078
-1.067949215
-0.251141399786
-3.59955824136
1.03828890847
1.48060036883
2.29611496994
-0.241918073659
1.09789889635
-2.80866603104
-1.51586305438
3.27623978773
-0.937397787875
0.770987751269
-1.37573465214
0.728988810559
3.21925909775
-1.38007063814
0.703024883523
0.204071808871
-1.84159404154
5.00709784234
2.24784701192
-0.902647142152
0.40592965505
0.12902073858
2.22148435171
3.5414813634
0.57558196888
0.650884285075
2.16335892285
-0.410884557608
-1.39839416242
-1.79447138043
-0.387936320837
0.499652167817
2.08912408364
1.5087826149
2.10923300439
3.95511884894
1.66798872954
-3.5061738363
-1.83662996436
0.527292230968
0.492979107024
0.0258744529943
2.39081697253
0.829109847855
1.56675395515
1.54321387835
3.13763874525
1.35974840357
1.79111608999
2.1835092103
1.15647096309
2.28126891194
0.498529849942
0.391639300977
1.96513914909
0.513381243905
-1.00229395704
0.112713619361
0.951462019941
1.06265971274
-0.335952521753
-0.256878361868
-1.60016319761
2.17234156155
0.65117223031
-1.63115035771
-0.796556544851
-1.09040139217
-1.94481626427
-1.25849188042
-1.05924481273
0.286886408705
-0.541399292332
1.07484124442
1.38136623804
1.49924347282
1.96509388459
1.40646050209
0.602897777403
