1.94312513283
1.46785446296
0.208351785297
2.50507193317
2.50371868248
1.72082790923
0.31436206667
-0.410014140034
0.830024120096
1.15080879572
0.666954432979
1.53000942337
2.29262627536
0.881280101677
1.58285443621
2.02502775566
-1.70328385185
-2.56951568689
-1.1165036983
-0.705771572159
0.383900606192
0.39464377525
0.609845289669
1.44165076207
-1.8957631232
-2.16022846116
-1.26051524913
-0.809000589058
-1.09803609776
-0.667313157777
1.65058076253
-0.0542847077296
-0.333370207449
1.34392599644
0.0389342764777
0.100615945622
0.661746124326
0.000759819822535
0.884139512256
-0.203857666794
3.42546078292
2.05499554224
0.642377855543
1.89615107623
2.24230959525
2.10048402557
0.806065126846
-1.13658368271
-0.656682808427
0.68844270272
0.630965410249
2.00033129787
-0.236737978448
-0.393556383985
0.0328134207616
-0.599706548787
-1.19502824037
-0.319200441661
-0.026796973082
-1.13576567554
0.552962657122
1.5347921183
1.18917578491
0.696704839504
-2.40046257265
-1.53326263078
-0.0866365129251
-0.598026952428
-1.77083112685
-0.291766783143
-0.300057169956
-0.766738960455
0.895539605821
0.0722382931849
-0.144721014782
-1.69540553746
-1.69027013792
-1.19469429674
-2.570850974
-1.44700012311
-0.536511187852
-0.523949745174
0.947635634172
-0.292362901066
-0.8247713408
0.897664339168
1.1310111656
0.438304880645
-1.19769851253
0.525259213004
-1.08486560032
-0.0444773560442
-0.345265457975
-0.0856696429638
1.41430799544
0.535364379098
-0.182290130066
0.537938231759
-0.193788621614
-0.254108768392
-0.308469306567
0.347596016677
-0.296449523284
0.925257534966
0.391616532535
0.96372487746
-1.91340160223
-0.0335737198731
1.38596276763
-0.22673948057
-0.270891376364
1.33812401972
1.62915084426
1.62388584593
0.928592172719
1.59820067746
1.93534687464
-0.988503847122
0.702070695159
-0.0689486584597
0.0729332739648
0.104485288233
-0.982344666262
-1.09806445643
-2.29679249154
-1.39579595274
-1.02327039919
-0.648041142424
-0.278148188577
0.270125392644
-1.18309055011
-1.58809848196
0.117671116969
-0.764505068218
-0.575932326029
-1.19702493032
-1.13747582086
0.344431059624
0.365331417391
-0.466713840064
0.362952288715
0.24443005008
1.07705632545
1.49272316551
0.907152924663
-0.100315445543
-0.115680542451
0.357958700099
0.339741299935
1.43991483147
1.20212672945
0.190809130619
2.03508007551
0.868825754405
-0.363470691771
-1.5362282552
-1.59573465242
-0.25281966287
-0.912063111727
-0.59993386129
-0.37670101248
0.888903560132
1.5558567924
-0.292589090355
-1.13210721006
-1.79138244303
-0.777100539192
0.542623304021
0.252279361641
-0.0398634257334
-0.909348606585
-2.79694484422
-0.365722181726
-1.4850653889
-0.871685388085
-2.62883910346
-2.56884675218
-1.23226922131
-1.93047295038
-2.85230705032
-0.142503347875
0.226008849013
1.08370137014
-0.591720880046
0.622766565988
0.750606679146
0.190839711393
0.341754978672
-0.946023305892
-0.13768917676
-0.340833225687
-0.0478669240236
-0.272749032883
-0.912855871386
0.339921613781
0.666076489078
-0.951311782032
0.537585380514
0.291399338986
0.692254246298
0.0136054600555
-1.12395186297
0.431393588782
1.31829372179
1.73126508675
1.13809061784
-0.980588239074
-1.60958626448
0.844445940446
0.827717259584
0.649623892301
1.84128192749
0.214892947672
-0.374837437641
0.837955591079
1.37242421114
2.05589842049
-0.38596106248
0.872624364246
0.31219089727
0.06099731815
2.04403899308
1.66136716009
0.556014012464
0.494689894356
-0.980451516201
-1.16900098847
0.818268984947
0.277588726206
0.235196703127
1.0580796885
-0.209197298567
0.628478671228
1.97851173495
1.65292756868
-1.90977388324
-1.00024396153
-1.62312150862
-1.68456768366
0.0344269260203
1.15888626918
1.2226914845
-0.119944683424
0.282305305748
0.749817382746
-0.540361921069
-0.973084045749
-0.653760780873
-0.193548248499
0.81539412806
-0.332631481195
0.518488074769
-1.04631317734
0.645618753741
0.952381849101
0.240258715348
-0.540595525089
-2.0651472869
-1.02476012823
-0.969146581547
-0.705532515064
-0.140976949578
0.217698702433
-1.58740582181
-0.733545366645
0.0570494563657
0.322860917746
-0.0474398396733
-0.314335395226
-0.701624542014
0.551356305466
-0.492343467183
-0.59029552633
-0.182481007395
-1.10622028145
-0.324403405951
-0.609761039556
-1.02985782842
-1.74529167706
-1.42236497746
-1.14786855345
1.18533250495
1.38474712942
-0.295336847079
0.98102437452
0.403852452511
0.763495871137
0.807248644447
-0.227067361187
0.101375760301
-0.646951994825
0.569896766521
-0.302024595342
-0.454185225799
0.0649433902436
0.347346515988
-0.671473464557
-0.112702439013
-0.423860721611
0.0444321210372
0.436776795738
-0.816885231107
0.890862864357
-0.129495973096
0.786681609072
0.229717292469
-2.42428533639
-1.06053663602
-0.336452414091
0.219932035183
-0.491005360254
-0.183403564345
0.6284634273
-0.942868973714
-0.552197801349
-0.23758703701
0.615319545791
0.075866154873
-0.130720011062
-0.424494047497
-0.191364780197
1.63516192492
2.57037302829
2.30072052657
0.916718860627
-0.800673677559
-0.583829951982
-0.0767111347061
-0.615952136261
-0.772452640031
0.36998720129
-1.71521825466
1.33603618148
1.35692102168
2.64801299719
-0.430773723698
-1.82966468115
-0.455513735551
-0.0446101095631
-0.427230722991
1.78706934274
0.735277256609
1.86628182784
2.47840608264
0.812236525681
-0.629191964794
-1.32901898308
0.141959426535
-1.35390147864
-0.813324680287
0.319796179582
0.075192979126
0.0643035756004
-0.689459021295
0.287397433499
-0.0346055570007
0.659123731876
-0.539836681962
0.786475587443
-0.814278759409
-0.257932741427
-1.145927209
0.0996941770768
-0.151180005978
-0.620319805243
-1.04731727017
1.14579661316
0.400890789303
0.758733828536
1.43169941548
1.44582547547
1.28179323787
1.73946750008
0.67318868777
-0.0108696992986
0.167518345779
2.07218795036
1.7530040185
2.58398269225
1.18669830528
-0.972381416506
0.786591073149
0.650554911687
0.610513702687
-0.105058672054
-0.352322253967
-0.0195163084149
-0.348870133141
0.0982527369794
-0.343843868998
0.457661884535
-0.230994439815
-0.577570436329
-1.49942513266
0.406826465353
1.58625949501
0.984747258708
1.19170828311
-0.128166524194
0.506577647012
0.754739010303
-0.407687018706
0.785166322045
0.757912591709
1.29370026931
1.89652934163
-1.42399088694
-1.07679079226
1.16507582778
1.27469632271
1.15477889736
1.62020005993
2.27545330878
0.446768989017
0.928312140839
-0.147702909431
-0.774063033716
-0.267849418618
1.21810537473
-0.514691161194
-0.979907873269
0.570922397419
2.20195110381
2.25776717049
-0.217713342357
0.297537148576
-0.512638656367
-0.748344796499
-0.325487863766
-1.30772986444
0.77041056412
-1.30221964535
1.47779009756
2.73414678082
1.96635272119
0.491937680509
-1.06033292629
1.26607104202
1.38340577764
0.820194484952
0.249075623321
1.45031714263
0.422756025269
2.35546636882
1.30936902451
-0.452078742088
0.296092327423
-0.71777838303
-0.999159028285
-0.113238776459
0.679311377278
0.717600408191
-2.87223225579
-1.895184005
-1.31353333066
-1.4438065796
-0.0162190058499
0.620257227566
-0.23203986374
-0.234366250592
-0.422217054141
-0.0884402684183
-0.329180875913
0.626913031374
0.410748540217
-0.164998686756
2.39665303057
1.99149749634
1.13772673507
1.91036656034
2.4661768778
1.9852549366
2.28457675053
0.712766783515
0.256510236975
0.640812953194
0.0611787832581
0.839076774365
0.877022292925
-0.00147632482392
0.37275522238
0.975677148125
0.691144570279
0.454412122973
1.15844306708
-0.042966653298
-0.365865668146
-0.623919648046
-0.646824941759
0.276642399597
-1.24510929167
-1.54649610929
-1.5953792332
-1.26446833572
-0.70906703096
-0.322653255238
-0.506326555415
-0.267757939452
-0.916932641055
-0.104595675054
0.486343743411
0.827216551312
0.122773263555
1.45069759143
1.20963717976
2.16799374599
0.262334100217
0.00507724290483
0.494738520904
0.332719746176
1.36706336546
1.3023292693
1.55764161157
0.0507272839813
0.26645377984
0.900063526211
-1.2085284433
-1.45925847143
-1.19617390478
-1.66320297991
-0.981152269015
-1.39125883348
-1.21643190525
0.29730098745
0.464343056939
-0.400179722559
-0.92536562747
-0.148209092316
-1.94098461765
-1.33990518016
-0.360641558106
0.70409021812
0.714928596317
-0.47126362187
-0.572412401786
-0.802616084005
0.49338083228
0.0419562127294
-1.37488674354
-1.82179866579
-0.581260617135
-0.988938091136
0.559320025924
0.417005102287
-1.00378174772
-1.18842370243
-0.231857797502
0.44803416315
-0.53167662278
-1.10076311079
-0.965820684001
-0.134118575747
-1.25858968154
-1.47506008709
-1.80474190664
-2.03502674851
-0.950997505789
-0.255567006407
-0.872250234647
-0.987915949095
0.445255654423
-0.598628107663
0.0217307984131
2.19942922846
1.28030206695
-0.193560909243
-0.763675024873
-0.0382498180927
0.495215917139
1.54725420906
-0.0559106037631
-0.522322552935
-0.174482538551
-0.247766457683
1.67806162993
-0.519603853293
1.21830504101
1.55949343796
0.420457827714
-0.44144661935
-0.323986078675
-0.285155275379
1.301150431
1.21696979082
0.989247714773
1.04668830907
0.751342259605
0.246002597018
0.368878230583
1.13046760744
0.635399242918
-0.886341977239
0.632492663689
-1.48783942495
1.04788647719
1.96642274987
-0.0441950484466
0.502869305657
0.277873858417
-0.626659414537
-0.917222867218
-0.0680168570352
-0.438370092522
-0.15996604773
0.314549479781
0.611501119633
0.586152837726
1.65854219707
-0.151842481745
-0.666337157592
-1.17262777787
0.952963500303
1.33660938396
0.392045882811
0.150036889911
-1.36297920493
-0.816730547759
-1.54184156502
-2.34416601981
-2.51251531081
-1.50522333918
-0.230050089848
-0.450572240454
-0.496879687607
0.478403612184
-0.393759695939
0.497628107013
-0.0220660519051
-0.378752576308
-0.275828805115
0.673399783725
-0.895665833398
1.83908270915
0.891615234131
-0.117909390567
0.975967591776
1.23504355611
0.125842940985
-0.680414950126
0.118952104555
1.79678310149
0.153063986388
-0.047791585375
0.604400482366
-0.316187856854
-0.979003727014
0.365661518377
0.516680618551
-1.43871675233
-2.47251010162
-1.5073423531
-0.0140389185908
-0.674759678188
0.0486652477336
-0.394151013896
-2.01698083573
-0.266684629222
-1.71547829213
-0.714108295248
0.948070849037
-1.28783155112
-1.54295099835
0.168280916223
1.10705512055
1.09397351178
-1.72566466608
-1.34975240115
0.530576906161
1.30587729917
1.54577277074
-0.4451317368
-2.6049013768
-1.06812877884
-0.969059042225
0.999664426384
0.996421750747
-0.27579422064
0.0728204569475
0.963824778155
-0.91789042362
0.0910911268509
0.574204883725
0.428294076444
-0.0119682682677
-0.304238548792
-0.56374249104
-0.786697128981
-0.449960774521
-0.826345800853
-0.574992376275
-0.287310303125
0.199642115219
-1.08924061385
-0.940095740994
0.715068714038
0.865119388788
-0.0224222129103
-0.728453893268
0.576154509607
0.120925156708
-0.917848176037
0.53770003471
-0.652818144221
0.623230294303
0.133199525109
1.5986946098
-1.0067521208
0.169312457135
2.1466738293
0.649377060055
0.0760652339364
0.255592844911
1.37327022966
1.32451271008
0.852955632544
-1.21794331352
2.32765262084
-0.285345305775
0.677477117333
0.214671531975
2.03321152128
1.93872793777
0.527069424821
0.527496402421
2.71252784282
0.842281573241
2.29986317778
1.197905513
0.976074033961
-2.27064784174
1.16142232178e-05
-0.514673898959
1.74441867001
0.131769971897
0.395099232092
-0.0269275121536
1.23010266527
0.558047117098
0.907002197028
0.432347800108
3.62020166162
0.921939471193
-1.87020047455
-2.60900060146
-1.82083162652
0.726084891934
0.490520349142
2.94520576536
-1.79301975043
-1.02876576276
-1.06838592625
-1.70286033413
0.161275885678
1.35294373927
1.87758661611
1.00371139482
1.10116984763
-0.332682551547
-1.12434156017
-1.12412438292
-1.22933007504
0.337040968122
-1.11327642866
-0.000829482818857
0.164921254057
-0.498137316814
-0.536535924974
-1.32195096119
-1.05400925258
-0.395007253753
-1.3053827618
-3.45753148816
-3.63394983141
-1.79189194091
-1.89516100392
-1.89195643017
-1.93081922961
-1.52984833149
-0.892748591829
-1.79142442968
-0.887263523613
-1.53600977254
-0.580052138409
0.24661066986
-1.34623949098
-1.61282409167
-1.12425949191
-1.95241455944
-0.960957609031
-1.60817211731
-1.28505426844
-1.03606329447
0.0462020835126
-1.09451609365
0.6969289859
-0.914257810387
-1.44507677647
0.187948100452
-0.951676570928
-0.0548868573565
0.551451730752
1.39147734289
1.34095177681
0.723199992381
1.39592468758
1.08377650952
-0.243289282709
2.91222491482
2.60844214108
-0.324799339936
1.05507184677
0.591761295086
1.03461641502
0.79884688283
-1.2380825284
1.42687132176
1.87127514603
0.947035473124
0.751514233688
0.386492909627
1.06830225045
0.944509926369
1.44614473019
2.3669542387
0.992141403102
-1.88275072291
-1.63316748055
0.543205043848
0.903331925048
-0.455738427508
-1.73746078726
0.377032175364
0.371683035585
1.48807604488
2.32455433813
2.82468818634
-1.03042310355
-0.765801512164
-0.126033485936
0.795236252144
-0.732063149034
-2.51870425729
-0.254910818305
0.340175779602
3.1056421747
0.0423109310406
1.05706717124
-1.39521995134
0.323946740774
-1.48030452285
-0.277647427229
-1.07690386021
-3.88162709136
2.74797379863
-0.873703823134
-1.45303374466
2.48193320394
2.39832566922
-0.187947330836
-0.951424262078
0.865665938226
-1.18465853388
-0.0547176141658
-2.98732017484
-2.68738418131
-2.64773433225
-3.22670937064
0.515516655612
-1.79950257051
3.15518212291
-2.60135516594
0.184476255841
-1.31342574806
-1.11853041022
-0.864808533792
-2.20718662822
-1.96258806055
0.790927783989
1.9075088133
-0.113475097544
-2.48301145137
-0.470336036954
0.898563582134
-0.541216791643
-1.20519715015
0.0428565134072
0.601193632598
-1.22992335714
-0.859662996887
-1.17680011443
-0.729351073585
-1.83236535841
1.32271816735
0.466413801314
-0.193146703015
1.06589183159
1.69577322621
-0.333474548155
-1.084713792
-0.604126021755
0.167732187682
-0.349205543883
0.361308127866
0.336853604346
1.22485708309
2.49210804616
-2.18846342966
1.6279674632
0.973408722681
-1.22854209296
-0.740639564811
-0.184412105866
1.01513281492
-0.609976919279
0.422426534767
3.55414521813
2.64872894241
2.19556651491
1.0223195284
-1.62170270598
0.371779799324
4.48647092128
2.80715283684
0.554737937595
-0.624258950854
-0.235492192709
-0.0386796116275
2.26764209764
1.41011887188
-1.56739992854
-0.412258379394
-1.28074501022
-0.56748508172
0.305009178039
-2.70734689921
1.13594455627
0.493917977628
2.48225081415
3.26557180121
-2.38396035726
-2.32311262353
-0.779896145723
-2.28699099207
-2.57901244461
0.25511457225
-2.92514374279
0.142602425171
1.53482476514
1.17926087072
-1.64259166699
0.185856773355
0.0522757997821
-0.185297596936
-2.95444507089
-2.96840936255
2.3056688703
-1.8841136335
-1.0476930872
2.01532211188
-1.15399819109
-0.918803870536
0.195239073248
2.13028514943
0.226157442379
1.61290924107
1.69811397812
0.935455770886
3.61241735281
-0.40333318646
0.990786262597
-0.860277235332
1.63958485003
0.57486056658
-1.06391191226
-0.0280920359125
-0.608400654305
-0.0743140134729
-0.0538875194981
-0.0559796592904
2.48678970898
0.526616770219
0.342628331803
-1.01797955976
0.495767271617
-0.20065670025
1.26557863746
0.472744411296
-1.31771852723
-0.334972986016
-1.41103706994
-0.0910354218573
-0.215414241313
-0.229761112112
-0.651826554794
0.901841141021
0.984874223765
0.536848678906
1.27867811535
0.805330055077
-0.591895892234
