1.04882574011
1.66946801138
-0.589184815587
0.123263845929
0.895481509093
-0.845632894188
-1.03221256654
0.294128051066
1.37076735413
-0.502318789761
0.0639347054823
1.44264718076
1.1977057666
0.803779180367
1.50813600088
1.62608255817
-0.992454860002
0.562658519208
-1.04532300829
0.670619039188
0.928962814886
-0.838650224735
-1.81215698266
0.806680807492
1.00008530356
0.700936313934
-0.896019624675
-1.54185584375
-0.783408328725
1.07616486367
0.830539680031
1.86497586983
0.0848326163966
-0.838135359197
-1.08993155586
-1.04451236532
0.834650141314
-0.137060981641
1.24201085557
0.184067713822
1.63606638555
0.17257058516
-0.884372048698
0.054355129469
-0.424463425861
-0.39648528915
-0.267081830275
-0.282833002501
1.13312681088
1.25852079604
2.13670842257
0.800817980882
0.0967065857043
1.30992414583
2.22622577453
0.629030056875
0.0665518926585
0.367143149312
0.943961855425
-0.334022638553
1.30260029254
0.00837318970903
0.702919913671
0.620653677553
-1.48485622864
0.146269064243
0.0297266521791
-0.149223083204
0.0509223440862
0.568884725803
-1.79842703576
-0.840560129442
-0.431192754228
-0.981626948883
0.728879733663
0.928079916772
0.619185338687
-0.36172431879
-0.391065422171
-0.0738780698948
0.394539795997
-0.460465367963
0.1444333799
-1.25522500302
-0.309569376437
-0.518123853351
-0.135746768495
-0.544613020989
-1.05695698493
0.363673510856
0.693610098241
0.402953903154
-1.09093803809
-0.0186737955125
-0.0964590391277
-0.0529574947863
0.640715153893
1.58122356955
1.54088934519
1.05733747765
1.37630758637
1.08054776891
0.795422997962
0.458609223679
0.434617523803
-1.55680848763
-1.18694224838
-0.706645213746
0.0327485441224
-1.46385216603
0.325532862857
-1.14538156612
0.608447004135
0.139040186108
-0.495252272036
0.0389539021086
0.101968226526
0.332374907372
-0.513444302961
0.627810140273
1.09668034346
0.390630088186
-1.41647681634
0.249680840742
-1.80690045095
-0.202847306858
-1.79608294466
-0.235168194624
-0.172855183549
-1.38779593157
0.0304882821305
-0.512474199405
-0.360905452981
-0.739710255215
-0.117771519936
-0.319794181887
-0.386935976732
-0.373367419634
0.31543475665
0.314577452051
0.840104961647
-0.402491080075
0.0166670175383
-1.27571917366
-0.534756687183
-0.529304299543
-0.584428370374
0.642535346429
0.115697389418
0.668413799738
-1.29810004413
-0.828627649567
0.580654498611
0.0588383914843
0.23539415985
0.635130043848
0.760386322079
0.0864490347635
1.1956615546
0.392597763991
-0.265656719748
0.766877441042
0.874123205504
-0.765642494292
-0.494559701642
-0.72809159514
-0.0152562236657
-0.474312476686
0.239185209936
0.473329287308
-0.547983939939
0.233552536105
-1.07413251188
-1.91322412553
-1.49152721144
-0.619154219177
0.714839829255
-1.0039530588
-1.61962205756
-0.64552074187
-0.793343717915
0.792556395806
0.0262587557369
0.349171337549
0.359727564456
-0.475702947031
1.03786621648
-0.0303957543962
-0.113507329364
0.526557589665
-0.532538912226
-0.989722567019
-0.844622775265
0.798187136425
-0.201389223181
-0.213463576617
0.283799646117
0.739730408051
0.852374748588
0.596823070694
0.42862889384
0.186865519241
0.298625108173
1.21449436911
-0.642525359007
0.0839729043149
0.712926663417
0.708498029545
1.33082913305
-0.419760125971
-1.04415966182
0.528008936745
1.31475214972
1.49338279755
0.835357760076
-0.605553315028
1.17683083963
-0.299384098379
0.602467987384
1.6457811439
1.76797540756
0.242908481103
-1.1733000886
1.04078945062
-1.091288929
0.376022797222
-0.155116103188
-0.19785926102
0.458846919334
0.426611961138
-0.248958600792
1.07152647059
0.467305675773
0.515127002786
1.36936151391
0.491750622755
0.516665134547
-0.163401713624
-0.302560677601
2.22315511122
0.8055495479
0.350846364636
0.459450264671
-0.214828863067
0.163469419584
-0.579879678824
0.320221746157
2.14402631613
1.86655192905
0.596871463725
-0.302620685869
0.555759185982
0.580392830483
1.24670112114
0.899105299129
-0.0187662440912
0.149365831308
-1.33238965889
-0.108409372856
0.464341550006
-0.949921896834
-0.889474092043
0.316149799872
-2.11758513695
-0.838226518007
-0.60321526318
0.662106092006
0.7225940454
-0.361438886235
-1.22453791925
-0.0803960782434
-0.683419374674
1.42332866321
0.165905023196
0.852412429888
0.155765192351
0.949789177481
0.824183445176
0.903604684937
0.617342516238
-0.432323017728
0.171413663304
-0.173330994728
-0.166296683692
1.23589778992
-0.380673075216
-0.866012096452
0.755480653309
-0.046623052327
0.00714401071481
-0.380535625592
0.682101529008
0.204291032936
0.264089331536
1.04255574612
-0.0131394463918
0.3761047846
1.03960367733
0.572928953759
0.25604084139
1.53475814402
0.965829231845
0.684690175818
-0.502842267677
0.00744206090031
0.539754300045
0.424470780054
-0.428100187883
-0.742099499191
0.473458412951
-0.0827058409504
1.5610388778
0.251835898554
-0.548464020343
0.807397186674
-0.310159302613
-0.225443297479
0.899105617038
0.264868210889
0.230184883084
0.481998559946
1.70130616802
0.0288277242269
1.77798979255
-1.35801271179
1.71326181498
0.916404830077
0.374720357755
0.87574707023
-0.803232769813
-0.338051111296
-0.292729474006
1.28588195877
3.0820232023
2.81601565225
1.0369819982
-0.347034630222
-0.668722266962
-0.831848249212
0.708625467939
1.03757418873
0.940190218686
0.586127349334
-0.395997492161
-0.616631304044
0.932584345776
1.50739016851
1.8359016777
0.178015090193
1.43699864668
0.428921313996
0.881479029317
1.75211466915
0.710296927236
0.715392244217
1.40370293696
0.86684889706
-0.185853659404
-0.297823142492
0.526354782017
-0.253282077141
0.670439914117
-1.73691071451
-0.0759080154868
-0.521336728083
0.284986489765
1.15775391447
1.19303315866
-0.0662585868677
-0.887676220266
-1.21859703388
0.305005571677
1.78372029109
0.0181269212731
0.430847397345
2.30430181702
1.52062475264
-0.376075689806
2.15737101067
2.74489713339
-1.38937775995
0.242144850866
0.0246922242245
0.91758707769
0.800094838985
0.187131969459
-0.543197040351
-0.588613495246
-0.694953159725
-0.629156309531
-0.609628817272
-0.853634469696
-0.374646212317
-1.54599799309
-0.222053343606
-0.808527333981
-0.454838993753
0.663925404715
0.0921354718765
-1.08981058175
-0.249319127111
0.970531849582
-0.258407745245
1.01983855379
1.70970170037
0.0207724685247
-0.882842210772
0.800399083844
0.320757341711
-0.750130343425
0.530115399255
0.416542216011
-0.671272223048
1.07498621937
-0.850652168867
-1.37624733961
-0.383549623018
1.00559745502
0.790085713926
0.225721824432
0.606301444469
0.181697891264
0.00302501178432
1.38247834699
-0.641372021311
-0.464859448366
1.50627108471
0.0560226286356
-0.140184347858
0.471339068996
0.224066715542
-0.990909441661
0.088382509273
1.87540156396
1.66264543998
1.93551639732
0.239691025198
1.774695224
0.835962670919
0.907604846467
1.55511627179
0.374517858573
0.678410503772
0.225784146273
1.6083254848
1.70869637165
2.03577852905
1.2802730219
-0.318666999921
0.909182765879
1.57439207567
0.772530744398
0.480099515256
0.300210991315
-0.694090990322
0.913083591066
1.06366038793
0.372463838092
-0.389752358893
1.52324869617
0.868880775503
1.43520218415
0.632602849072
0.960138993795
-1.10520809183
-0.707580534229
-0.327050846066
1.55163291703
0.881543444868
1.90568698057
1.4696746518
0.470822485078
0.778324252979
0.483473665318
1.34917304094
1.62107673504
1.86785856764
-0.334320585198
1.73741211332
1.01424984115
-0.94662342044
-0.536830326244
0.603603908067
0.885667594451
-0.122988269823
-0.162997962132
-0.426855993176
-0.0222187733284
-0.416119359975
0.263658727573
-0.244238032746
-0.907937999635
-0.0461570007229
-0.959530462764
-0.0684075555471
-0.434718264191
-1.16918222846
-1.08563597218
0.706327161515
0.157864314515
1.69458369892
0.813184620361
0.914316777676
1.42944736197
0.659222810805
1.52531829953
-0.820333499337
0.918907635673
0.787928236086
-0.448489269293
0.830855458081
2.59942682639
-0.0378431570726
-1.04442358285
-0.751440635857
1.45170317628
0.0264532629633
-0.181295957625
1.1380554264
1.39331371895
2.49707789304
1.29278859508
-0.650519009515
-0.439138906857
1.1766117172
1.86765398175
1.1199055929
0.559761202129
0.0565475746648
-0.8364563013
-0.09847611567
1.82429144981
-0.748750738348
-0.160904559935
1.22584887985
1.34727179212
2.02617602299
1.40998657293
1.17659295423
1.69332372664
0.983223939281
0.386986461814
0.968772411229
0.560630688734
2.07862229047
2.23974405905
1.69665753412
0.809007174172
0.641595351235
-0.183778423808
0.618701389115
-0.333889729804
-0.816675471935
-0.0332061502238
-0.749989402328
1.98896768163
2.03827476932
1.41751603156
0.28619274789
0.24846555663
-0.169786009181
-0.278556608958
1.43920931198
2.24280570518
1.47359856462
0.631239885244
0.307014844693
-0.018722329484
1.78581277416
1.22112943631
0.561915518375
0.763461137299
0.586559014163
-0.888653436985
0.38885464446
2.35819625783
1.59242792237
1.15732075087
0.221739276066
0.974254838207
0.363155186006
0.139499226275
0.350084256361
0.675853855615
-0.864380846525
-0.783489334774
0.254041636319
-1.5147766927
-1.39784257968
0.439023312125
1.46573302987
0.196448405301
-0.615679736546
0.459930107548
-0.92874247922
0.329394126298
-1.00254871843
0.158459127421
0.78961708221
-0.616231891628
1.02917226657
1.0488824501
0.20560884677
-0.251799151742
1.77834600064
0.720150323914
1.39138018186
0.454864484047
1.62937681902
-0.251635904885
0.818963498443
1.38918584887
-0.553021790408
-0.171033836366
1.67051316128
0.42272819589
0.392448313191
-0.032553695994
0.347644809118
0.738865049032
1.53826291432
0.458844355926
0.134927166748
-0.395240879263
1.84737154385
1.84526933894
1.80866627179
0.071917722702
0.229239406508
0.824318634526
0.422355632302
0.761013558055
1.12401758027
0.786965129179
0.00875955758729
1.97520720437
1.33267782814
2.5473231367
2.08761724809
2.18145531596
0.831222168213
1.82312058207
1.94645324464
0.446035761458
1.63988427997
0.674500278639
0.646368209198
2.46129065765
0.300262726761
0.00158751043554
1.13937884657
0.810398520437
1.10584679499
0.975074111507
0.43993537983
0.621370200864
1.04524967967
1.77834718646
1.39301599773
1.52360015222
0.279372590231
0.0193927318816
-0.0886135305862
1.45865128473
1.82868823597
0.734572771869
1.02981226559
1.48824411114
1.60019135398
2.02563548769
-0.109947818299
-1.81270847927
-0.0804007717254
-0.798386213746
-1.04176732346
-0.283182059098
0.658930973362
-0.686239977335
-0.416068121656
1.55367917469
0.511877412936
-0.441604204665
0.879240621079
2.08374317479
0.85274623812
-0.159604042281
-0.450883863214
-0.551115305936
-2.2634833578
-1.22376668079
-0.276084481869
-0.424291490523
-1.2689443121
0.322968640895
0.316063295411
0.921188440435
-0.336659225468
0.844243678256
0.0323111059483
-0.54035897255
0.799510812611
1.90615338459
0.0569740254342
1.0972017286
1.07685045635
1.2206109854
2.4450972097
2.43264013445
2.02479268243
1.81697108293
0.433528007162
0.706473183326
0.668196441528
0.829945454079
1.23074810628
-1.48969611782
-0.3823260467
0.678711669322
0.983151871508
0.723864996195
1.8790305698
2.32743268043
1.24153843694
1.20407519214
1.30559255212
3.30106751465
2.08748416
-0.235632135432
-1.08068104729
-1.41972893575
0.79744809595
2.14626789367
2.47738090754
1.95566342451
2.50949485872
0.666961636716
0.903177087294
1.03294665986
2.45970349902
3.27486915402
1.75640628249
1.09357438776
1.3988816517
-0.410119670616
0.424256059228
0.640383028879
1.55574843818
2.28678893593
-0.136379389016
-0.849523170047
0.586413155095
-0.211212915649
2.008660571
4.01377619611
1.37742060366
1.02446221963
0.919811967181
0.518577099793
1.88588065502
0.564382946827
-0.377248173837
0.145410500817
-1.23517066204
-0.548176985369
-0.310285485441
1.90597491317
0.372673300755
0.700109421248
-0.0367614577367
0.0184478601063
-0.318880038734
-1.21387342852
0.946996295028
0.123214097646
-1.97509768812
-0.052409094209
0.328367076427
-0.929668706246
-0.0815431581905
0.531171496961
-1.62972135134
-0.218857700708
1.25260319567
0.760975673476
-0.390974324383
-1.93154810094
-1.06148718217
-0.973069439866
-1.58766005374
-0.0377348305324
0.704385779268
-0.878759096978
-1.71410193107
0.96660670578
1.0067039725
1.13228363502
-0.884516713048
0.439075417247
1.35990866415
0.510928030985
1.19544631592
-0.722802710174
0.366234822707
-0.0340604772121
1.21381050436
0.472334894178
-1.32886750029
1.58866806957
0.908883205259
0.102387947028
1.4023675091
0.520655261744
1.20151628708
-0.680031610367
-1.09844243256
0.752277791333
-0.0934306145588
-1.0765613843
-0.767355613748
1.69315178977
1.00123176177
0.178535574224
1.53587320331
1.82685230231
-1.28760225918
0.761960806393
1.18409416875
1.55629473954
0.142025737812
-1.76917800224
0.36351605889
0.0229785489467
-0.141317897134
1.42053950572
-0.188820492533
2.47808979934
-1.02814611043
1.77623416759
0.197335092648
-0.278542782429
1.5180421155
0.166378034418
0.534356366111
2.00062439048
2.64787834394
-0.047630261175
2.24874309611
-0.704951026705
0.804504177568
1.67021494872
0.600046290116
1.39657482356
-1.6217781068
3.54718126469
-0.107321260871
-1.21205955334
0.897024061631
2.23845166358
0.734851224845
-0.188782787151
-1.30711675024
-1.61583440429
0.115121801008
0.670787367946
-0.191194230589
1.19243721696
0.270314198282
0.654300485649
-0.341867606165
0.662042662283
-3.87253370642
2.44602901837
-2.16425086148
1.07375703072
0.698861538182
-0.93390031906
-0.978251897809
-0.992981287334
-0.44141099232
1.28705207769
-1.50584920132
-0.187954657888
-0.99646037937
-1.74886576925
-0.829575337052
-0.0406474524228
0.348402031518
0.0367144839714
-1.42659917805
0.0739536358877
0.896268100327
-1.72502179305
-0.645908031004
0.708105221648
-0.180046992535
1.66650102678
-0.0382897927132
0.937389644084
0.925949492433
0.869307607318
-0.957394527952
-0.151376191948
-0.71408840123
0.43087962995
1.39616086727
0.41855082444
-0.468431540298
1.12163161835
-0.0285561553594
0.387468723532
1.34322116091
-0.0370422929839
-0.488763147195
-0.735427757033
0.747986007331
0.686792174167
0.876875995583
1.44821814732
0.0099539976237
1.04688296999
1.12949232548
0.376875276004
0.3913166206
-0.00562891289673
-0.382783712739
1.95489505215
2.11401271341
1.76878909241
-0.00910137543974
-1.93396342346
0.119925994746
-3.15637848506
-0.55122526885
1.16029583443
-2.94792446732
0.906528680352
-1.04206492395
2.10055103104
3.86238625188
1.5203816036
-2.91883836197
-1.01213229731
-1.90359089842
0.481878546555
1.0216198539
1.20923073239
1.28527299722
0.82559670279
-0.503485061974
-0.990010256243
0.506333620524
0.793999286734
1.05735924045
2.42112482907
-0.509074346705
3.87754446305
2.30978453573
1.87214290356
2.03485956515
0.411746365644
0.941674575364
0.879907639841
2.18558961096
1.80380991841
0.912606159913
0.28371316671
0.930331832735
0.997171760845
0.218828262074
2.92140029764
-1.85488959175
-0.127151766995
1.53485898326
-0.402141741509
0.255841282713
1.10479778388
-1.46773738017
-0.214337276607
-1.40189761418
1.033860539
0.107980799331
-0.753885048983
1.04440417954
-0.96330802067
0.414084056431
0.948631177188
-0.0864094501267
-0.812053714544
-1.13094667521
-2.16761330257
0.694769906353
-0.815236316488
-0.185463882817
-1.66212850666
0.201881496281
0.86572020837
-1.12360161386
0.694962275023
1.03151755823
0.206470100378
