2.96462885876
1.35524409903
1.06860758574
3.05225371612
2.05904607586
2.11520311852
-0.143156161026
-0.605958311419
1.93621847349
2.04919908673
1.22563566406
2.82891973248
1.12841089334
0.169406066196
0.577390921114
-1.70020986702
-3.95392017863
-2.58791444231
-2.80934666271
-0.232620349731
0.834729784562
-0.226012124428
1.71217177686
0.914759270262
0.488759597346
0.0738628013374
-0.0895144681145
0.467506589463
1.01782512671
1.59243765945
-0.132472424434
-0.554014761761
-0.299508228064
0.617596450516
1.60740322673
1.20851754126
-0.757597663379
-0.151025690246
1.58200520041
2.08825192188
3.62262318256
2.0099552676
0.365571222731
1.77762709327
3.83566560415
2.95874749385
2.609955085
2.91436347139
2.96703489636
2.2032303805
0.79498954891
-0.253464682741
0.388168181785
3.37763497222
4.37282172181
2.18957471491
1.18467555787
1.84001774125
-0.385066753171
-0.605348242619
1.30791711765
2.13985447988
1.23984221533
-0.523049278238
-0.916451003215
1.55480591801
0.186356390858
-1.28554107956
-2.20592473533
-0.872451799973
2.08499494516
0.100654922374
-1.20894614149
-2.15676075823
-1.36939221491
-2.499487998
-0.678182078726
-3.77758452124
-2.36869322887
-2.43402310911
1.39553570406
0.369993403221
0.966003870039
0.102115744318
0.811526089674
1.07512768851
-0.56633130736
0.846319646978
1.27837936863
-0.191160318616
1.16554099129
0.195178246273
2.07808304649
-0.538031202827
1.40032789883
-0.565743422058
2.68683486031
2.52898568019
2.12167322395
0.2623980474
1.05689937148
0.847806707358
0.826050687853
1.00199880553
1.40800944911
1.73012333542
0.74193720622
-1.71172448578
1.58001240209
0.109225360469
-0.192369255985
-1.0638920931
0.944321126878
1.80134727325
-0.471422014453
-2.39668969792
1.5496220275
-0.115712842944
0.268528813429
2.3372515595
0.975002768479
1.55007667963
0.629688890381
1.89936585978
0.266219233327
0.185213167252
0.593552932195
1.23469554561
0.20076678416
-0.129755676633
-1.1423205883
-0.0145824389048
-0.623458058983
1.41887512203
0.0771438425913
1.39441813283
1.0779853218
0.515857613238
0.928731200024
2.48076845247
2.88958204478
0.409787506614
0.325139235802
-0.476680895071
-0.000229905988654
1.32063480638
2.68332997002
1.80782493312
0.598179581173
-0.637635249243
-0.090660163953
0.00680969171065
-0.148193846463
-0.180418724083
-0.382301568623
1.3947073713
1.68139541662
0.0568487262598
-0.839828799817
-0.176320227911
-0.596664598631
0.619712245734
-0.267873987862
-0.102354872911
-0.62801290811
0.0562372933026
0.992945731333
1.51809072495
1.12441221087
1.81341291562
2.01743363984
1.04882939465
0.878352628608
-0.599393584625
-0.580322359613
-0.795820717565
-0.869426056541
-0.570854434652
-0.656634151467
-0.757575674773
1.4932904889
0.74118357569
-1.92319932407
0.125803856643
1.55412043628
1.79325186331
-0.841283631738
-0.915198382222
-0.322566046383
-0.379633067037
-0.276189625259
1.08399242613
-0.215352719399
0.4761684499
0.333862340698
-0.0030336273904
0.174913611936
1.48631853444
1.28469438088
1.37380622707
-0.151795076344
0.735702689014
2.1849704959
1.5523829671
0.115118234129
0.570463657575
-0.441489128108
0.301270245274
1.05215183686
0.109603282823
-0.219291058183
-0.153481234803
2.09871432997
-0.0288417809783
0.0739608572899
-0.967673224081
2.52807974179
1.72688637712
2.03871043609
1.80553491788
2.62707917803
2.44201776537
0.575525606865
2.13354553963
0.917615051491
-0.883586752331
-1.62470473425
0.506786893941
-0.42493221488
2.04238689263
0.906916787633
1.91084480246
-2.32076646919
0.319863070997
-0.488019002145
-1.3218808352
-0.382180966007
-2.00481110969
-0.83374861138
0.660554936703
2.40049572775
3.37709486077
0.555411345004
-0.861111551209
-1.6558258349
-1.58547674473
-1.55850666538
-0.784036757295
-0.432071384617
-0.383938420739
1.4365180388
-0.252790337051
-1.1170596662
-0.0541098764042
0.0983548019537
-0.369871108085
0.731650711993
-1.71667661962
-1.26200184707
-0.44960135974
0.582392026438
-1.13823244801
0.322455847891
1.51499298963
0.337243882624
0.831924926368
-0.251648644986
-0.094813016371
-0.145954067651
1.13640080076
2.70679989234
0.702512487441
0.523123905339
0.0852777063568
-1.15338418563
-0.214919754555
0.938376663473
-1.65074511601
0.580465071801
-0.359081945104
0.334403942622
0.785100831021
-0.984289289257
0.501896899192
1.80452374585
2.64304345768
-0.597409937966
-0.105859991972
-1.64642714204
-0.482715209097
0.626050261392
1.14913223651
1.81451781539
0.815992766895
-0.476806648057
0.467289141362
1.88357993454
1.03948834627
1.74557909514
0.251385258071
0.679012760648
1.45583131888
1.35721305284
0.846831388915
-0.664959367898
-0.0242074953681
0.304877075084
-0.930122849596
1.87536873068
0.92484721049
-0.119984069391
0.302390523295
0.922004943971
-2.20180831914
-0.490194170076
-2.27496448166
-0.164751597952
0.0407379471083
-0.200035602749
0.841934497268
1.60197887016
1.24926351826
1.18121761037
0.766255377385
1.28976508915
0.327302295148
1.29155416974
0.391277376936
-1.01882262143
0.687848780663
1.5249263537
-0.268462678562
-0.879798526689
1.19536707747
-0.138738115881
-1.36650886819
-1.70664782042
-0.300470023093
-0.241040102301
0.356119367141
1.00046594184
1.56352940964
0.596649423698
0.23005276972
0.697758558635
-0.182981743674
-1.23424257355
0.539358292662
-0.152072108933
1.0168794936
2.65588852369
1.04276088891
0.157041605739
0.521747899636
0.413717507793
1.17888794383
0.455242995579
0.0246035701629
2.00827276325
2.32270346491
0.159527980249
-0.611455421079
-0.593558117391
0.662161019984
0.602332705843
0.460027753259
0.36248003087
1.61093501219
-0.732663293098
-0.210976317258
0.655305228502
0.834177997606
1.28952723398
-0.2054111301
0.505138156779
-0.357925459611
1.2442240552
-0.477562080264
0.580045771095
1.89666906284
0.857723987498
0.661591557013
-0.258827658775
-0.574903916903
2.06706954666
1.10963249825
-0.377269261754
-0.417202024776
-1.93150092582
0.335845332336
0.54993620703
0.299088190351
0.234751092688
0.129528135486
0.0764526196883
1.93420506551
0.384391027199
0.64257940854
1.34653164982
0.288850299972
1.93137011605
1.56305784647
0.744784797612
2.62438298536
1.00478723306
2.1870123053
1.4045949296
0.991482064145
1.78612211825
2.56635643773
2.16953124176
1.26437642338
0.12680526257
0.974833068868
-0.29982466731
0.456859259235
-0.057892145364
0.941666205443
1.03230259936
0.711273080956
0.9281391082
-0.956734141909
-0.627441775868
-1.29202750052
0.918522838009
-1.11580631775
-0.92215463434
-2.39549279903
-1.41087968353
-0.314107868944
-0.584631944369
-0.7555203958
-1.86619741619
1.28629770793
2.05742951041
1.76750306392
1.1701996263
1.01976406907
1.67046678167
2.25331949993
-0.732776605554
0.328985251198
1.68493660735
2.17437139867
3.15160005165
2.58325158547
0.700675903049
2.6361642147
-0.202753431861
2.4883082139
2.79672312311
2.20776113156
0.787662461876
0.680449618167
1.38464837997
-0.542269498842
1.84048594819
1.33527808105
2.31063104642
2.72872501682
1.18321471269
0.753970764273
0.817986410121
2.32535096105
2.07149991303
0.0233914403405
-0.211268019562
0.220480567153
0.370114775263
0.943094249146
1.6334069261
1.44597593683
2.60850094906
1.07315504807
2.01248519729
0.858475848419
0.0336435618277
-0.220785574381
1.85529615445
3.27034524632
-0.0454017935555
-1.34760820377
-0.0339361717036
0.709840178739
1.67522073368
-0.273641576083
-0.900647404882
-0.881499547303
-1.45757134907
0.158808081799
0.0990162305191
0.0815003967739
1.5303960855
0.74219683112
-0.775280308193
0.76902560145
0.996609817278
0.811129690555
1.00756186107
0.0451177198477
3.19598644292
0.531504605804
1.97817656833
2.37161126791
1.95352584197
0.318590443493
1.76196373521
1.13008007945
1.30998160218
-1.0218701164
1.29865693966
2.18817456922
1.23259813467
1.6690714029
0.785101354389
-0.269038324688
-1.6205319914
1.0456709688
0.648005689857
2.07912812994
1.77604263993
-1.20069958887
-0.889939710247
0.807656168696
-1.19475714267
-0.991778495623
-1.87475852278
-0.462159131673
-0.476218940394
1.02736574785
1.77864565042
1.8545068738
0.230697130896
-0.802406557538
0.10898795937
1.01326178741
3.22933571147
1.6611510529
0.452383977619
1.69284830066
-1.20524681336
0.505275608098
0.161738509292
1.50474851865
2.13695938911
1.80356005338
0.528051642422
1.64162059193
2.21859002551
1.4092147696
2.19053780268
1.88328129647
2.56484043985
1.82110055479
2.12936854732
3.23950167345
3.34384669489
2.97530343111
3.87214892557
3.73114117049
2.24428509103
3.83129483891
3.68218323573
5.60202683883
2.76221907334
2.44553357611
2.05874941698
2.05079524713
-0.512465340585
0.744823713536
1.58825434574
-0.223407494076
0.152369363663
1.7427305201
2.53403853841
2.27305633785
1.7740752431
1.14520036975
-0.0170539804526
2.25190776941
0.349149038288
-0.872044669059
-0.455378014887
0.328114362141
2.28702487069
1.28637359407
-0.547698624375
-0.0745576868702
-1.1455506938
1.37095282879
0.482175181694
0.302837389311
0.79130835583
-0.546441902928
-0.824009043141
-0.764341698365
1.20597585446
1.0317698285
0.502561985359
-0.155782745217
0.693180909861
0.435376649929
0.586948741817
-0.450652294324
-0.396994712012
-0.181325698662
1.04599499893
0.417738056059
1.72747848692
1.2149857578
1.45927682509
0.472995001454
2.51425517062
1.90497097917
2.60741686523
-1.16387448268
-1.53076235342
0.289135870884
-0.59052983619
1.30200583441
0.250047541893
-3.80574036973
-1.8707198594
0.314464104985
-1.06037842112
-1.38192300878
-0.821859928642
0.0294609610191
-1.16310705965
-1.2140967523
0.322514795317
0.500266109486
0.461177468186
1.54398542427
1.04553576886
-0.288964866223
0.613040677215
0.997061677545
-1.28889361445
-0.472067773895
1.96488958642
0.282208399701
-1.20842499669
0.487885572489
0.105375497033
-0.161545798558
-0.781860283106
1.54233764616
-0.637232035811
-1.16262465149
-1.96533633207
-0.983581042543
-0.550417650902
0.557636214545
1.24893236783
1.08631889346
0.188302354862
0.495285785546
0.631749294831
0.404434954694
0.937941534132
1.96979443116
2.20314495862
1.93603750208
1.69547576217
-0.302735141066
-0.19700630567
0.474197000873
-0.796658164541
-0.636017177485
0.854068112936
-2.08162600158
-1.50872125462
-0.00598790952145
0.123252219212
0.421118285727
-1.09868415578
-1.57242558336
-1.03023719623
-0.457327163344
-0.777583586597
-1.28190623345
-0.798275159052
0.572612887956
0.894722512933
0.464833892269
-0.165490019885
-0.239847306059
-1.92356701638
-0.281289510975
0.971713421391
0.482078458103
2.45987845788
-0.62542167993
0.61190660388
1.84800617393
3.03156629187
1.63388838139
1.84506481546
1.90312878786
0.763128480427
1.30948509573
1.12998058556
-0.134194597513
-1.26928949586
-0.514606297784
0.572658107552
1.30248948451
1.29546612188
-0.0625902744118
-0.394138461924
2.24331840087
3.14719044443
5.09110083856
1.97447686593
-2.80273277247
2.593209137
1.17794265958
4.38566433702
4.44803356614
1.70910103726
0.254164307462
-0.0540739147028
1.94505114275
1.28033307706
-0.242544344638
2.08615890268
0.0168676317193
-1.5888900469
-1.23451218317
0.49166954224
1.18878415087
2.81262590148
0.791679612142
0.467690410823
-3.96326827113
-3.6278200589
-2.00363552989
-0.703741997578
1.70365519091
-1.08520827796
-2.64797487223
-2.95142536595
-2.02373474732
1.02824359235
-1.482578924
-1.64816107408
0.0809770740953
-4.53187284401
-2.88833272156
-1.70732375381
-0.593164264209
-0.0894806209096
-0.356962809212
-0.505115933038
-2.79511014081
-1.76190761488
-1.32462613678
-1.27735846796
-1.80575742825
-4.49357025801
-2.16572411663
-1.80054200577
-2.54697067867
-1.07797409856
-3.12311010857
-3.64702009599
-1.59489613525
-2.76543493319
-4.1219878865
-2.52023387119
-2.49531145146
-0.755305557917
-1.15977925268
0.114107440451
-1.58678552245
-1.04528921635
-3.91566020447
-1.57282304501
-0.793832137346
-1.62677412558
-2.53406440328
-1.19738578199
1.22391417375
0.210991073471
0.357535159669
-1.65805764035
-1.38883691115
-2.16860875189
-1.72583573243
-0.837224944523
1.16043538646
1.91558432842
-0.160588318993
0.869710607821
1.39521429607
2.31015045695
1.25053229061
1.03760551655
1.39963796266
3.10129596269
1.7838567554
-0.67517744776
-1.1206118189
4.43121372404
1.46098973692
2.36252823907
2.57118806237
0.131062593209
2.8102639851
1.6996008616
1.71599425301
1.38173741851
1.61462272465
-0.214391584916
1.56795211069
2.94451161345
-0.684070650428
-0.0647658371308
3.95358667038
2.47537945314
-2.5899869488
-1.5701013762
0.835588283743
2.04713385195
-4.04803401781
-3.29791379128
-0.797427035938
0.905268546879
-3.24686995675
-0.532393227906
-3.9390418153
2.15787654695
-2.8895567705
0.277996142408
1.37883527668
-5.00440771351
-2.25479374591
1.01429862887
-1.44224504655
-1.57460476031
-0.289196992128
1.38162579933
1.92917583368
4.30017473339
-0.682020254603
0.761444611644
-0.576423860398
-1.90280755459
-0.337455680876
1.36816668003
-2.28621482399
-1.99281582085
2.13050381583
-3.61410003624
-3.47917058747
-1.83251773822
-1.67305884884
-3.30429090207
-2.31729669312
-1.23336355827
-2.34420709135
-2.62262060954
-2.98827996075
1.04255066693
-1.21132993949
2.23989134288
1.8590789914
0.749258476119
-3.04319978449
-1.18470711097
-4.59155429802
-1.1975570509
-1.5990524445
-1.88712494087
-2.85756616628
-1.44596475354
-1.61442546838
-0.259283317018
-3.30139434713
-0.91303230423
1.35429260358
0.326920557302
-1.57813077336
4.45987664003
5.41959084384
0.725825517671
-0.0949343333948
-0.115823195364
-0.706129496266
1.26084709767
-0.44078119129
0.944024447666
0.663338670024
0.795347591635
-0.185193008228
3.44161949807
2.75986705762
-0.529868213024
-1.32341680022
-0.931445720646
-0.589756527531
1.16508167671
-1.58569862089
5.9256357072
0.619743310597
1.04996001513
2.90378159624
1.68253501502
2.56593438811
-0.290852707924
0.955591709922
1.72439642983
2.45582358005
0.143618037347
2.86822549249
1.76682429395
0.867110297507
0.124878869862
0.396230684512
2.99843163037
3.68137945658
1.7622171498
-3.4778425602
0.470213901308
-2.29763668777
2.55835599695
0.147188153698
0.426848705161
1.08370963088
-1.29972010476
2.0868709624
-0.00606926719492
-2.56845806217
-0.54289598185
-1.63323123628
-1.27494027656
2.41086106039
-0.34833288833
-1.28608544068
-3.3566449732
-1.56662609774
-1.80041313638
-0.428714752218
3.27003208283
0.155334401015
-2.51761693827
0.0283863509728
-0.636312803653
-0.861189716773
-0.0533077007248
-0.834160588413
2.91130094435
-1.72327025453
-2.25241984614
4.53204722209
-0.0950686342419
2.74845763354
3.35889718385
1.84188845423
-3.86172815797
-2.10616412091
-3.45081564573
0.784277231672
5.63111587322
-1.2243056716
3.1122788964
1.46044704913
3.1413374547
-0.136223967322
2.1435893237
-0.124067083692
-0.152966814187
1.24468674155
-0.231204125465
-0.571496347219
-2.42685705122
-1.37783669333
-0.414003787056
-3.32691808758
0.179053539046
1.77111561473
1.09319954161
3.26924865012
2.79242062189
4.15925125371
1.45296225636
0.417761871756
-1.64514703246
-2.11968895111
0.249973101044
-0.189467983858
-0.43876579191
0.0098404345695
0.556821213076
0.30492088203
0.374835621876
1.07535635508
1.12297496559
0.1769679484
