-0.20988330569
0.191546896289
-0.384199610563
0.315169764045
-1.41748776649
-1.07705110012
2.76039900462
1.85467361768
-0.766632957226
-0.836783198219
-0.512582275853
0.254095820796
-1.04070845323
2.21736270695
0.974633355006
2.19392630423
2.09422904196
1.56463483489
0.484573378205
0.0385532244484
0.0485442783573
2.24024825056
-1.54758226233
-1.48134803521
-0.972350243145
-3.45876155269
-3.62559088088
-1.81114384503
1.22207446973
-1.44659444673
-1.51164957684
-2.33972646214
-0.258732308906
0.540004599173
-0.101706671428
-0.482295670097
-0.861044698699
1.80950740451
1.56727511568
-0.0064657005362
-1.02226994364
-0.148612429297
1.2484399366
1.64547892699
0.793256674258
0.705349641022
-0.40096884093
-0.155134283532
0.296766686944
2.73392360855
2.70904882564
0.125214053671
-2.78913032956
-2.20738802765
-0.672355020191
-2.07800192256
-1.27477590457
-1.84726089316
-0.141687505699
0.216134240867
0.811166016097
0.464751697032
-0.289098597738
1.7927529154
-1.44425877133
-0.886305027324
0.917872420425
-3.25472296733
-3.13431492124
-0.447626716721
-0.864405706919
-0.193474057639
0.860006753279
-0.364280432882
-1.734838673
-1.01244434124
-1.39393253184
0.415795181237
-1.8799963028
-0.188269122974
0.245951272487
-0.924356869735
-1.37350975977
-0.99231475003
-2.01992533287
-0.00465576226998
-0.147953201976
-0.360595215632
-0.0353244500954
0.497420809483
-0.310811730329
-0.308139264302
-1.08135817702
-1.70823874915
-0.0257935097589
-0.268706916309
0.608371782491
0.00738234270922
1.01271099723
-0.846025998708
-0.566399352048
-0.205003331903
-0.830766929219
0.465517963406
-1.22536479127
-0.463885720805
1.63214488264
1.73377170448
-0.3537258177
-2.00879087708
-0.210244439357
0.838649566785
0.0447444840169
1.71303620372
0.535705981807
1.5437351357
1.56101904285
-0.14085486788
0.105694362664
-0.630517395102
-0.501866676892
1.88874389898
-0.10761586932
-1.23239561024
-0.578998736464
-0.784098936278
-1.91131993602
0.38861114046
0.798563365008
1.81024962067
-1.50932463264
0.819100511628
0.438635891272
0.22631306074
0.936801607103
1.73851214606
-0.365072326692
-0.34731038256
1.58631567683
0.201322605915
-1.00063745647
-0.713503582376
-0.715892444113
0.740078474734
-0.589807932356
-1.47267537334
-1.41790037925
-0.149448701387
1.36515787589
3.68336861211
1.01659295939
1.11094067208
0.500458701382
1.34408388036
1.78476293097
2.59160367755
-1.68139488631
0.319318589959
1.28391035675
-0.747906562232
-1.18603459929
-0.0982115402897
0.824266724417
-1.61606367789
0.15261408287
-0.995845650415
0.411255751128
-0.255972510636
-1.97995494803
-0.941244389445
0.439764474981
-0.826517255479
0.682564110949
-1.10422472093
-1.75508870851
-1.04387573573
-1.8184986548
-1.294875683
-1.51024388324
-1.01318948561
-0.51129788548
-0.0352706101418
-0.255654238334
0.19159944682
-0.749922803182
-0.143952445571
1.30307078641
0.973228155537
-0.892254182119
-0.447576495573
0.946379219829
0.982620688382
-0.620407280066
-1.59564304354
0.388060255899
-0.0818731578047
0.25311304378
-0.340797600631
-0.785998374765
-0.664038974044
-1.48311342756
0.344625019956
-0.27476701299
0.209890965638
1.0918731426
1.19248449347
3.21379237674
0.553349397923
-0.979196123535
-1.80178740537
-0.770654223582
0.566917656784
0.772940310233
0.525755764708
-0.299786925142
1.31561468109
2.82380576173
0.906108571085
2.15569575726
0.130980466357
-0.739021482936
2.0200709359
-0.30783608419
-1.02177975524
-0.430272454451
-0.453667642768
-0.397965142173
0.896898414224
0.756068280639
0.654507977049
0.389082985193
0.438305012178
0.152885086278
1.92346721983
0.972343808445
0.621791506232
0.64909235232
1.23955380557
0.244007371569
1.77635425465
2.16437473128
1.77331868604
1.16262081454
1.24477531434
-0.21382344772
-1.37499686811
-0.369091163271
2.12568270059
0.847854466892
0.109045362613
-1.49002971171
2.01919593392
2.44332953403
1.9836832174
2.71206881224
2.77210466378
0.18772796084
0.59733849275
0.912667461848
-0.530414021262
-1.66252745996
-0.343664824433
-1.63006894196
-1.69342390198
-1.32673097326
0.544178141957
0.990472354747
0.679096031428
-0.588890710008
0.321036555485
-0.0404911153074
-1.25669435422
0.177016878596
-0.340897275627
-0.845432380424
-0.826697145982
-0.211035761913
0.334725820472
-0.246360759279
-0.522015007566
-0.71220811757
-1.55520037986
-1.00159228298
0.361271986832
0.203926056752
-0.130864014902
1.25349724314
0.453226577158
0.0762510254881
0.114740103694
0.670901937314
0.195122552028
0.108820191507
-1.78537732216
-0.698552745018
0.445618125879
-0.647653180737
0.0914080718458
-0.207732206827
0.150426686388
-0.713365488339
1.90851799999
-0.00969531961131
0.601631855436
0.96506077721
3.12742931582
3.35451719393
-0.0491748324485
-0.779552891852
-1.21371024054
1.2869336221
-0.698889455256
-0.271426803194
1.60899926568
1.3905141502
1.30674865845
0.624783545616
1.20894352576
2.5319692938
0.707032063674
-0.731019097718
1.26759479078
-0.513379020199
0.459021403129
0.237465510603
0.941216923363
0.699765085886
-0.00327403329591
2.35043648832
0.786619103856
0.807483410917
2.55853693068
-0.909254434494
0.86920060965
1.02516170292
0.163938583476
-1.20244633334
-2.85774869248
-2.6275558598
-1.85331800476
1.72390044985
0.931317538216
-1.44088940504
-1.21185348013
-1.22649144958
-1.06129124101
-1.2167715658
1.45349614232
-0.568622766886
-0.414634141802
-2.25844380525
-0.594052168427
0.435529158502
-0.418165847789
-1.60460728462
-1.27869213136
-1.45635280649
0.0852871244377
0.357150334423
-1.27691970373
-0.80842122103
0.119648331438
1.83640649853
2.01447624569
-1.37339022728
0.360568238919
0.135228874068
-0.14507075578
0.906925224623
0.416481032955
1.91539190539
0.784887754937
-0.576019666989
0.44247633133
0.170862733429
0.542103776154
1.49585921913
0.272835935659
0.555012677295
0.133744227108
-2.33752627274
-1.81051768021
0.672178082038
2.10197003859
1.75642193299
1.2659943502
0.80307180931
0.725978049224
0.0563120942931
-0.426394427108
0.875427029077
-0.129025111178
0.52448817555
0.271001717525
-0.827753774127
0.452724208888
-0.70388048711
-0.958812504649
-0.53559243277
-0.649490719239
-0.919907590887
0.569004162052
1.10135119021
0.851527958759
2.37764462433
1.44372446474
2.91022367077
1.34975340012
0.319082798997
0.229029117602
1.4223755065
0.756556890465
-1.35815009971
0.412868992639
-0.0618608837717
0.443053291301
-0.50990516303
0.338990367044
0.936338432823
-2.03641598099
-0.928598059065
-0.827259090311
-0.235245551189
0.791393736191
0.195518237038
-1.53548047456
-0.508843735204
2.99023507428
1.65713564322
1.27228745683
1.59326998164
0.604954523074
0.163636359336
0.486698739626
-0.339042587193
-1.35227499694
-1.6733166192
-2.37631726866
-1.78598983378
-3.12560900622
-0.658000643007
0.235512850541
-0.935695727627
-0.696176607577
-1.58777329016
-2.55708903594
-0.221436344155
-0.120458961545
-0.937715068797
-1.26093119251
-1.39860145019
-0.541823037935
-0.780097581597
-2.55051935519
-1.50532920124
-2.02807035844
-1.63558419503
-0.785493353315
-1.74969267093
-0.723239433409
-1.34642686346
1.24115676495
2.16504209612
3.82866609526
-1.6014899327
-1.52480887985
-1.52518827594
-1.19717396567
-0.375485342783
0.279543264037
0.656361135481
0.67374033342
0.0622652727274
-0.146660938795
0.0191659029484
0.276934983099
0.573386493814
0.127189342326
1.79348150746
1.27484056437
-0.381387908686
4.30201627377e-05
1.09702724957
-0.490451696235
1.7726167678
0.40596237531
0.451732202567
1.32241977477
1.43630963942
0.765711171071
0.741179421449
0.218635042752
-0.708806501812
-0.298416260198
-1.08414324503
1.08456688062
0.500820770038
-0.675062398749
-0.00751847668352
0.928436384711
-2.38067776595
0.16158690447
0.195075399224
0.321853905306
1.53996915146
0.503902855082
1.85791428469
1.55187211214
1.32879413277
0.0234374055683
2.14771917035
2.02985077072
-2.83106758094
-0.519001223424
1.51480748356
0.513739672426
-1.9098996893
0.0290468297148
-1.15735976266
-1.46609323917
-0.712118178534
0.416273441182
-0.646555193076
-1.11606695697
-0.211912650136
0.846262015279
1.45384933182
3.05823671407
2.23703269584
1.23242722323
0.105435196418
0.215870887003
0.992776159814
1.39357550553
0.539942451183
1.36572230941
1.19347984997
0.657144601102
0.629972888718
2.49933013423
0.449748645298
-0.195044006206
-0.582413894777
1.3565977827
1.63083114272
-0.899435231313
0.532890051023
1.26469766008
2.47650660663
3.88858925324
2.22978882317
1.42669010513
2.56044378239
-0.372098707681
1.09711409616
1.12124782777
1.98808914012
2.56592661813
1.09712840993
0.160562663443
0.124406829218
2.80612660942
2.69643880019
3.77634493952
1.19572501376
0.914037188359
-0.245764912979
-0.245176083653
-0.568900201876
0.238661029609
-0.893384065529
0.111417372521
0.632430327173
2.25238532844
0.742697682032
-1.42157339327
-0.753666222248
0.630187157849
1.82399392561
2.15022689472
0.532065099515
-0.576202845118
0.524106255612
0.256801334645
0.654463103537
-0.78035899792
0.207251964152
-1.10817197748
-0.103153959978
-0.921501124801
0.137987314813
0.769044802182
0.398730429208
-1.18756912572
-1.15538562075
-0.502183225059
-1.31353080716
-1.55515661193
0.102634046945
0.209098146117
-2.01397284414
-1.12717780813
0.0990236288222
1.35959264682
1.53941062415
0.639814790549
2.40132016856
0.243939540947
0.586669414892
-0.262317174388
0.656677298137
0.756651418642
-2.56492004378
-0.765353822635
2.62349681952
-0.0686439071571
-0.55726514054
1.19143660894
-1.52588363109
-2.61760794848
0.0117569209151
2.86531761465
-0.935954462495
-3.22940719869
-0.0984256193209
1.66494494975
1.94204536672
2.15711286809
0.947387373018
-0.502377289189
-1.38830733937
0.355892114906
-0.535190114911
0.0264287163225
-0.246864517055
2.89870533445
2.29586755686
1.53062148097
1.43818493359
0.389631281839
-0.0462324680706
-0.457108022092
1.76758255489
2.25680737401
1.7494393592
0.837497978372
-0.814160546706
0.192886494303
1.3162957695
2.25684492073
2.40443436236
1.24280603918
-0.119816499348
0.862292649461
1.44461412741
1.14205690739
3.49826646973
0.930690278785
1.14588641966
2.18780590905
2.22826094942
1.04284876337
1.25907299856
3.28996250804
3.07777160781
-0.302953092015
-0.37012845645
-2.07078607541
-1.56041838286
-0.386784810053
1.0485722798
1.04251591446
-1.02068661097
1.93879152026
2.00141034293
-0.333203605733
0.122683276214
1.21520959776
1.55506340751
1.54283307924
1.82366243395
1.21035628656
0.205997431744
1.84129144966
2.16800438558
1.67095212207
-2.17657447209
-2.50271046372
-2.02536482599
-0.247912073781
0.79151809813
0.54627499438
-1.3176124342
-2.06130429806
-2.04953630598
-0.378899367127
-0.607582199142
-1.47542514864
-1.8768582156
-2.96843675919
-0.945190235693
0.381833259787
1.29717163197
2.63206096226
1.26112314527
0.774397040786
-0.164391902311
0.520108141658
1.1007845357
1.41722576374
0.0223515398631
-0.761406074692
-0.649803934509
0.761426877825
0.814557603588
-1.05887512362
-0.17094313715
2.02933127005
1.14614172548
-0.616852278073
0.316673208805
4.13394274596
1.85920651429
0.642114247794
4.40487361396
3.90417163548
3.28407554282
-0.453568023906
2.0629040127
-0.184953307713
1.5964341925
0.57284213622
2.33280508568
-1.21694913195
2.20878257042
3.96889726788
4.46820419057
2.48423869046
1.72877344126
-0.352152536895
0.685141257026
1.44337951537
0.482024518163
0.999415760158
0.386009892915
0.554882147884
0.499774081235
2.10440383899
1.78235086684
2.66864532941
1.80547055622
0.822435889558
0.145797120679
2.33715833741
1.31054290161
-0.164548489354
3.37582239894
0.402633688259
3.04604155403
4.96301853174
3.66016949875
1.09823658602
-1.3619418516
0.138941048544
2.62412052818
0.0668643058152
0.18788526324
0.728690055826
-0.0390039440326
-2.14289460737
-0.808022490714
-3.53762773295
-2.14264660089
-1.45435136386
-1.09511484784
-0.835153112549
1.13971938663
1.71498470511
1.99782407178
0.679777455331
2.20875674627
2.28037201375
-0.382625352332
2.24946329336
4.84286427481
2.96120975431
-0.0433601238758
-1.28683112303
-1.85577487109
-0.371589828773
1.3666265019
2.3729060582
0.933467544388
-0.762174894739
0.306665887246
1.7003283
-0.496187994789
-2.1731323957
-1.9209940788
-1.65590936076
-1.24981980096
0.25383086428
0.79735078368
0.930613119268
2.21150415862
-0.134044301485
1.37116230184
2.84815301506
0.119040040395
-1.23543244791
-1.75215881095
-3.92505523418
1.45536990295
-1.71714842155
-0.214848460814
0.184192844051
0.438397623713
0.0386519343736
-2.38690175357
-0.60352145954
0.173132764936
1.4884529878
-0.462342936766
0.834651569725
2.41465128643
1.97083411432
1.97732585977
1.88991807154
2.48217863752
0.969889773649
1.27847222784
3.69594442943
-5.91523376883
-0.933109216413
-0.689506221833
0.0906444451227
0.179642608307
-1.55075110631
-0.717704792387
0.334286644487
-0.789811911632
-0.425743691947
-2.20909685692
-1.23948265449
5.64070711749
-1.26805964076
-1.97744869172
1.85608303208
-0.272805181187
-1.97143279655
2.89736940309
-3.12055316317
-1.62775902942
6.09373104177
0.0306494657292
-3.1954181056
4.73463922612
3.62427857537
-1.34495905467
-0.00471236753523
0.936639719062
-0.744627739439
-2.86317006364
-0.628453230371
3.32905073609
1.30759716918
-2.22889153853
0.851211605366
0.37297380605
3.84497174874
-1.27897098591
-0.731839582028
-2.37343870818
-0.913409593569
-0.328859208585
1.18375741668
-0.0682078959377
-0.741090285435
-0.355564744474
-0.506666115792
2.24868187004
-0.615831116297
-1.52803531719
1.87982802287
-1.09590562871
-0.883016163998
-0.033854087598
1.06456473697
-1.18723679151
0.342899415343
0.429341866345
1.50626507977
0.973088040867
-1.00499074309
-1.22912205959
1.26434245839
-1.39591463953
-1.17795508575
-2.56251085281
-0.785891270554
0.931895129204
0.32852263014
-0.58602633602
0.382844715872
2.88803376669
4.06326275139
3.5737584956
-0.827658951008
1.85022576902
0.0424695029825
2.46628228819
-0.407264992196
0.424977915414
-1.91548335209
0.584287698341
-0.547385941465
-1.81775767351
-1.43586636447
-0.628627143851
-1.09885852883
-1.95788410612
0.380717709412
0.561257719453
-2.8283164965
-3.07858506813
-4.69226031343
1.44082294351
-0.203737588209
3.30617150009
0.0720430334862
-0.113000438101
1.59298256231
1.69871019799
2.83574179847
-2.15353323607
1.43779888193
-1.70870210466
-1.30242660637
0.653893100401
-4.03923123646
-5.07097282425
-0.87060569454
-3.33618361691
-0.313387247321
2.68427834714
0.0363778223797
-2.95659041143
-2.17204112031
0.666149629364
-2.12554959315
0.17312940101
-2.46913687253
-0.0210002376532
-0.0917780160801
-1.77516288329
1.84197446026
-2.77789245966
-3.30201115412
-6.34674011239
-8.42984163909
-1.90408594521
-3.83718339232
-1.62409923256
-1.54047494341
3.54449301888
0.315706456216
0.402125979809
1.33490480799
0.819915368254
1.4545908185
-5.06898494155
-0.486660106967
-5.98413685146
-1.96941846472
-0.654658992602
1.56105861835
0.133972785146
-2.41315947559
-5.27594635737
-1.63691900668
0.97772176814
-1.78576627591
0.679161912946
0.309453338548
1.45082474073
-1.70136700571
-0.619164656305
-2.33870994548
2.46539064313
-1.89115823129
-2.01555005037
0.81353136442
1.95184643252
0.644328714271
0.752336095134
1.70717180296
-1.42127983647
0.406666896048
1.36377669244
-0.289808906907
