2.55021185395
1.94870674787
0.997967517099
0.177993124807
2.14794164147
0.592349513279
1.08597265424
-1.15301318758
0.321638127369
1.89339148281
2.26575424118
0.42271058739
3.22968671684
3.49547335144
3.79058412454
4.44659942417
-0.986634792636
0.396171565027
0.00199820824065
0.0554060657766
-0.314751165785
0.371705777688
2.08692628965
1.00831694332
-3.7000620129
-1.61929835301
0.37118487842
-0.316081313658
-2.19692708501
-2.01498061562
-1.39926162022
0.127172358904
1.03706114988
-0.179226860332
-0.674663681111
-0.463838163672
0.119952472423
1.03442252159
-1.22395173367
0.194601451674
0.524511291474
-0.24592864631
-0.594140766951
-1.07499947483
-3.18423121303
1.39072030073
1.05690857788
-0.263003688527
-2.43691595465
-0.252348918226
0.350725908364
-0.407985633717
-1.68235622166
-0.24534713735
0.0517179636653
0.0772776629841
0.900146211509
-0.0276422213209
1.08026130068
1.70296011729
2.7485078717
0.798917597948
0.386859238596
-0.600306376109
-0.384467826557
-2.17638345163
-0.432732091829
-1.79814129011
-1.6461287262
-2.07794805311
-1.24746295298
-2.04803385363
-1.45060092648
-1.66112818851
-3.48270982067
-1.87947331734
-1.29655931592
-0.829847250308
-2.77829740732
-2.288842703
0.610666878843
-1.19418756408
-1.66636459667
-1.92135068452
-0.49943907981
1.57003682337
0.424847415023
-0.152659846182
-0.903724560453
0.500166969477
-0.413203980225
0.662101693619
0.386277054803
-0.0868386892268
0.577273647065
2.17008640477
-1.55909999986
0.156933461275
-1.1993822826
0.125858297907
1.67471835146
1.67514620728
0.697119230674
0.253930873701
0.946203023255
-0.922449362274
-0.869997088904
-2.22561112168
0.423111871583
-0.614732531098
-0.258102803666
-0.454160241405
-0.493949869
-1.09321394398
0.242079315795
-0.556643713058
0.168065101039
0.309847685639
-0.172626210162
0.0695603104933
0.352627423742
1.29930221563
1.69352013382
2.01097795152
-1.71616691463
0.135619830882
-0.356366303866
-0.128568466197
-1.3782677168
-0.275077336145
0.50595914384
-1.15337654502
2.0798961581
0.570004531399
0.445217788902
0.118294789414
-0.0628155616553
1.22802384097
1.21423015326
0.27822011695
-1.32313398234
-0.735026625741
-0.25187288173
-1.23583201266
-0.619892782566
1.80537822744
0.971681679433
0.751179171785
0.344214278878
0.709659104221
-0.663355938631
-0.300266887602
-0.82041472655
-1.26243055322
-0.220432539675
0.286585480103
0.469206720581
-1.85284351713
-0.0881822643501
-1.62575374506
-0.563497542652
0.607503501664
0.805712130595
1.2042965506
0.717238230176
-0.277101304509
-1.10942656364
-1.32889548848
-1.45490645602
-3.46331565776
-2.58935352037
-2.14648763682
-1.93308328837
-1.99594018968
-1.76462261764
-1.54652388985
-0.438804377877
-0.467918042705
-0.202810820407
-0.726657826709
0.572091435605
-1.56652433259
-2.5326017472
-1.7179268458
-0.650736426621
0.871360535144
-0.151767948715
1.48970736204
-0.25616135454
0.109951105994
-0.873050364769
-1.34906243061
-0.237838135031
0.529903131067
1.34696676528
0.902088057421
-1.21151157311
-1.92307385614
-0.28382045994
0.0975527367413
0.719870141435
0.00823670957213
0.944390443434
0.196863389417
0.202675169235
-1.32139673572
-2.50309883477
-3.5418977168
-1.63021882069
-1.35014126011
-1.23258790932
-1.45139293715
-1.95658998278
0.00862765608529
0.461586564442
-2.33172473012
-0.649606087425
-0.199195319723
0.669640804569
0.116659337204
0.832865289537
0.623901668132
0.0851722641099
0.391723624567
0.438547415016
-0.105159891723
0.483092043537
-0.945326843393
0.159355344562
1.99780387874
0.0912276592137
-1.06285062788
1.20770351376
0.551898623256
-0.0127901046705
0.516253920045
-0.136063990935
0.881968890713
1.09532737201
-0.237055392551
-0.44252230385
-1.98634494083
0.901490150498
-1.13362608893
-0.941412813481
0.190285972002
-0.65454668804
-0.576130170728
-0.638305046546
0.148370925218
-0.638196545159
-0.89338664987
0.340076907093
-0.942210460224
-0.777036684726
-0.304609007876
0.897517497387
-0.033146312085
-0.251207917931
-1.31832891485
-1.58820264466
0.499880952658
1.83456140323
2.28149497755
2.13535026593
0.826274456209
0.0840199562851
0.341074977893
-1.23518401116
-2.28723347533
-2.82551996537
-2.43386384052
-1.89913469785
-0.81711738832
-2.51902125992
-1.48851415928
-2.21831804351
-1.15018135268
-1.91871951308
-0.681566954293
-0.49326970914
0.170056448083
-1.11542034569
-2.15430638371
-0.147062556358
1.22068792071
-0.68938732437
-0.0866609517852
0.968702972675
0.468643005413
-0.550287208691
-1.21046803202
-1.03155777004
1.28127878754
1.28824469895
1.46735547378
0.157403488832
-1.31949814556
-2.3278864361
-1.07521883011
-0.194585746925
1.00629739237
0.0213263595394
-1.25847338405
-0.531069514381
-2.39552552999
-0.600000317428
-2.27873917073
0.220675884122
-0.445142815922
-1.5119067794
-2.02239317833
-0.835608121653
0.840082501572
0.833746882296
0.77023050282
-2.215415987
-1.16541569699
0.00957679719983
-0.284008471434
0.552061819667
2.76513462
2.36864503219
2.20798919659
0.765115286656
-0.576380406097
-0.726510223042
-0.681542884276
0.736245260637
0.538292380747
1.57438420272
-1.24212656587
1.8757653644
-0.827368288665
-1.07064124901
0.241865462217
1.48969112659
1.36543603531
0.945810563934
-0.710281825902
-2.94294984788
-1.10098291459
-1.00185004052
-1.00948279516
-0.790669936003
-0.906078800268
-0.663473735088
-1.88033045049
-1.14524973525
-2.79116121585
-2.70319340018
-3.35141881828
-3.16312609178
-2.11343865158
-1.07870349818
-0.56286585195
2.0258803721
0.370695671058
0.107376224608
-0.121706385226
-0.227197384059
-0.173874383428
0.445357883668
-0.672382911177
1.64654471441
-1.08812837081
-0.952792942238
1.21273153192
0.294435178894
0.930845982923
0.163527091394
0.816360610403
-0.663384133033
-0.534408158806
0.233700028603
-1.52196509101
-1.53380887111
0.806902488588
1.6201744355
-0.311798978466
-0.568094948284
-0.565498903497
-1.37445744389
-2.30589621546
-1.9709370028
-0.692997182689
-0.509942258935
0.814201641012
1.17427309877
1.0505047362
0.400576728496
-1.76326153281
0.147377023911
-0.0830842014995
-0.20742188162
1.60752102955
-0.969588406779
-0.0465588297606
-3.01613617604
-0.659824436491
0.508453977771
1.56310845171
0.42162481585
1.07924074556
-2.22727709018
-2.71521224216
0.384118629815
-0.766929018187
1.17228375181
-0.120022185981
-0.492090677893
-2.53035529917
0.538935803235
2.05662737215
2.10033573101
-1.56870948761
-3.30036023539
-1.29456221916
-1.66570041182
-1.0150245449
-1.31722079568
1.72542814695
2.24418420506
1.58271851493
-0.813667126642
0.48989500986
1.75577439804
0.679765238179
-0.257213970744
0.907242055897
0.455518985066
-0.938368883897
0.393928943485
-2.84747212991
-3.85928751081
-1.29882063111
-0.565962139635
0.22328553455
1.33953910818
-0.313067931837
-0.67419969862
-1.16048947546
-2.45091572807
-2.20854108339
-2.01819648543
-1.64923007606
-0.417105110861
-0.248686116326
-1.31710352451
-1.00920147586
-1.18712581179
-2.1109768373
-1.56442654186
-2.78516721121
-1.55303236369
-1.86431801404
1.32465521445
-1.06905325879
-0.655079226749
-0.895796045875
-1.37223069153
-1.5892668803
-4.41504057325
-1.76853857845
-0.797706158618
-1.76643419943
0.506775566347
1.57356605139
-0.312663269828
-1.20150413944
-1.19156219489
-0.473405421038
1.63570073651
1.71410998641
-1.4101977752
-2.61030175514
-1.00548324183
0.952358575879
0.0871037880113
-0.868704396813
0.751036588329
-1.72278617325
-2.30325912352
-3.28150026036
-1.79925869786
1.01241479163
0.0955249185275
1.12226430445
-0.218720981592
0.26649868017
0.701187283918
-1.3502000222
-0.108407125589
1.23379410435
-0.388148712082
1.18504337849
-0.753817346163
-0.475349795357
-1.18860937805
-0.710487307822
2.25326815028
1.80181541596
0.593140169861
1.55640151334
0.52023245075
-0.440768088749
1.01302419666
0.3641752759
-0.574224019007
-0.947946395227
0.0464426734848
-1.63811121063
0.412739498561
0.620032013941
1.72851721673
-1.06494771964
-3.00143299637
-1.1482821355
-3.0267005732
-2.17439143269
-1.60309265917
0.237512781557
-0.625069249114
0.729838951729
-2.14689653847
-1.04597735357
1.85839722286
1.00834978625
1.20596924095
1.82647446435
1.39259552346
-0.180203664875
1.38982962367
-1.36479165679
-1.87115153904
-2.0917774782
-1.47333940028
0.0583649610904
1.07117100598
1.77529191517
0.502660422519
-0.792795339389
-1.86806382475
-1.06460529889
0.0567592422484
0.575510418084
0.53907076729
-0.297990787309
1.67864779724
0.240403750662
1.36630595789
0.277802016975
0.500562546919
-0.874227824748
2.35596566661
2.16807543536
2.21615586769
1.00390031911
1.68526523871
1.18281186761
0.650871731408
-1.0665553747
-1.01601616551
-1.24486353011
-0.028362687502
0.666189936442
-0.763496032285
-0.696780976066
-0.838870422316
-0.899423065168
-2.02885712383
-2.74507149319
-1.25444886686
-0.507788615281
-0.777503147277
-1.46474215629
0.299507972889
0.101463873937
0.446952751608
-2.9791794098
-1.82156199699
-0.108348819042
-1.52778052518
-1.1781096579
-1.20435650997
1.9942039506
2.01266237897
1.5786777997
-0.571352279864
-0.186700496825
1.36603007087
0.139963440678
0.743043833569
0.861079961616
0.460093001093
1.39015954309
-0.152833786528
-0.60397245662
-2.59146043777
-0.33866387874
0.143135390108
-0.520508730036
-1.23349277904
-1.28839030165
0.0854729849131
-0.985944305219
-0.437189495127
1.15137785253
-1.28209209738
0.332144308951
-1.50828944227
-2.41843887554
-0.284583849079
0.476026646336
-0.834544784641
-2.67559002263
-0.287232538909
-0.600141523154
1.33524548294
-1.23833051107
-1.11819198026
0.38122473471
-1.89192398312
-0.0197262085901
-1.72906136015
-3.55851861392
-3.22438807425
-2.05897413363
-1.94381506806
-0.806836822304
0.704193959911
0.449411771485
0.803509497612
0.645401540597
-0.74534983895
0.249023232626
1.91983953667
3.58695603007
3.34036130026
2.09634887847
0.221607070546
-1.95870632956
-1.95064513711
0.140726792084
0.454781640701
-0.456200590785
-1.62366450483
-2.95154317677
-2.33797971852
-1.12209770613
-1.72042110648
-0.571460180072
-0.531827188686
-0.166394872818
0.625282618019
0.459189984663
0.940780443974
-0.452305576086
-0.0704717947722
0.407887435159
0.987266986188
-0.306520822205
-0.308637112435
-0.227862457407
-0.360675842077
-0.504464106088
-0.626154242033
-0.19468776275
0.275685033708
0.0219634263499
-0.857563379789
-1.45215727898
-1.40903623192
-0.430197880446
-1.24327689775
-0.70451843938
-0.0478923316401
-1.78762333946
-1.45313318587
-2.03422668708
-1.02047388475
0.422078478432
-0.862010122539
-1.35750813735
-0.46239913459
0.208466515133
0.991804061864
1.5991920858
-1.46653034534
-0.0205667331677
0.483063064423
1.0891521643
-0.491471266559
-0.711821568104
-0.90357064048
-0.413336385217
0.369154722031
-0.148466612452
-1.28133731812
0.807134698353
-0.869590205553
0.138522139995
-1.80172863528
-0.549037009181
-1.07433224109
-1.70521649238
-2.66912140005
-2.87621926119
-0.543149678533
1.73532877713
1.12584593294
-0.733773753386
0.976734413771
-0.386152540906
-1.74918723518
-2.65036007535
-2.9291473071
-0.366259098471
0.455997732997
-0.000472895382381
-1.73430161089
-0.963753357674
0.424445565507
-0.204315189899
1.27943083971
-1.23271573239
-4.1349392596
-3.43069412333
-1.49962549573
0.619699806124
1.52693425479
0.464829678982
0.942571026313
-0.916119939604
1.51168916964
3.63352584471
5.28770248834
6.56343307344
4.97183916564
0.742725520694
4.42876882692
1.46809574512
-0.805694214886
1.48009921347
1.31595469211
1.8541074393
-0.216826883233
2.31945619954
-0.360763451292
-0.0419554670344
1.71101194401
1.76714503676
1.01538581358
0.00606231491412
0.814432634955
2.26335994971
1.79422499933
0.582241763627
3.43633213329
3.03832752342
1.64493857049
0.769541695384
-1.42578206873
-0.43316325753
-1.57589661887
-0.231363738876
1.78669792437
3.24424357792
2.09162727213
2.24798093509
1.66370428293
-1.32435732208
-1.87175088571
-0.17054694917
0.868070834588
-0.757203012207
0.158517974096
-0.0122195080976
-0.912747366805
-1.48708289475
-0.472429020494
-0.0175818687536
-1.51624136602
-1.30234860366
-2.79475918731
-2.0549746075
-0.162025563512
-1.61152143093
-2.01061730346
-1.95315275117
0.0797296513259
-0.756973999001
1.52057834374
0.662497735775
-0.594477357172
-0.680139856263
-0.291724516455
-2.49949145541
-1.7702023659
0.11636965361
-0.905662025257
-5.41173366756
-0.2423919567
-0.0248330608811
-2.83603041593
0.324863619061
-1.07769068134
-1.4532952636
-3.41659397
-2.14319815007
-0.0890218172294
-0.822215644
-0.132140294885
2.63184814583
2.17006494416
-1.56492951056
-2.81914684905
1.47892002112
0.113579119563
-2.02610538796
0.0337725001105
4.38399972501
0.624926607579
3.64336734605
0.174855412483
1.13462190002
2.75029008596
-0.26929955473
3.18241798027
-0.777576807236
0.742015221522
0.626182420328
-5.32836127163
-1.60672872826
-1.55234513198
-1.69156342693
-1.00757278529
3.00656573989
-0.422767707815
3.84866098782
2.05605395254
1.26221575735
-1.37910628955
3.83750156857
0.512600053453
0.102176052766
8.12285590276
1.11994396234
-1.70796809463
-1.25664199902
2.2682444
0.131526450268
1.12474910742
2.68262499253
0.215688593759
1.73849876299
2.9768807031
2.1376274516
4.53738106937
2.23563400794
-1.36194823036
0.916265794246
-1.31696082031
-1.36962917159
2.52427371788
1.60439681857
-0.110430563313
1.94701227278
2.2377890049
5.79340183713
0.608302529577
1.09683806998
-0.916398194679
-0.101756160111
3.96474335908
-0.493667313721
-3.60686473472
-0.764297103242
-2.25951501443
-0.746529767325
-1.45577045421
0.826942399977
-1.34043111364
1.64405289585
0.334293077658
0.477135173672
0.60668639128
1.18911751063
1.09256221286
-1.28353546208
-1.09705345533
-0.473415747684
-0.30796197402
2.51445098279
2.65197459987
2.32407440504
0.125027123875
-0.75484198748
-2.73436226868
-0.920942815061
0.576775622083
0.24011949432
-1.10453013298
1.48150202288
-3.16733552802
-2.59646216679
0.354887049651
-2.14203678951
-0.754130416901
2.77346571399
-2.08587508067
-2.84577443148
-2.58095149643
-1.61389179618
0.195627252611
-2.74902563322
-1.76981860551
-2.51955013369
-2.78237108663
-2.76506299921
-1.59112143174
3.99642168602
1.53962839222
0.760119741713
-1.5861277139
1.96322894055
-2.61701522157
-1.39325493987
1.93592963047
-2.85498683106
0.66584247462
-0.988500300789
0.0421807226918
3.37927645321
-6.36937354721
0.880347383287
0.637263837298
-2.48547237764
5.25292641222
-1.49021503205
-1.0800244313
0.501256219546
-2.94919783504
0.0608135197339
0.936902665029
2.58624074503
2.24097079978
0.422094328755
-1.18227657976
2.07383369677
0.650858496529
-0.919418149996
0.750901224352
3.66738329328
-1.41738248447
-2.0898735298
-4.49494565447
-1.59915219446
-6.55393305009
-5.53564911616
1.87839868185
-1.05461395276
-2.70535599801
1.801842279
2.24003066322
1.23393593339
0.282389926879
3.56134818794
1.26372114975
0.519765936063
-4.76889532291
-1.68389122878
0.390090091556
-2.35830619876
1.36910718237
0.256917540827
-1.25892879659
-1.98621179365
-3.47305227476
3.15142577463
0.900468389432
2.12550432081
-0.383354172399
-0.268313746946
-0.162530778505
-0.703655354664
0.263609178671
-1.64481644558
-0.549852100185
-2.17145059592
-2.00037709367
-2.53917982057
-1.99720731197
-0.280924745075
0.721251298935
1.10742020058
1.51075930439
0.860618784646
-0.39219711723
0.0436131232383
