3.45479792518
0.657611395364
-0.550122490676
-0.282377218639
0.631783783058
0.313104296234
-0.55722857153
-1.07447022599
-0.307987830221
0.931196635659
0.384785067176
-1.75592679921
1.32581708277
0.264948405443
2.45277477324
1.79743058455
-0.398897578651
-0.156303367204
-1.41501036216
-2.41983837264
-0.248922097738
0.968218743745
1.35037736878
-2.53191440207
-1.43844219258
0.316389307389
0.331605339497
-0.504374034829
-3.5347087429
-2.38139632339
-3.83957268338
-3.399515632
1.24717959657
0.898079001381
1.33036013582
1.04902206972
0.832736284375
1.67908870555
0.449442648643
1.26618123324
1.14869324457
-0.472312942815
1.12161693187
-0.28316640648
-0.236231359041
1.32902426474
1.6019959786
0.25848525385
-2.19412264444
-1.40615647906
-0.954745503936
-0.0336831683887
1.20194489316
-0.383569191058
0.0752468998164
-0.21129899206
-0.311109120507
0.477935243656
0.978371077147
0.0465697470346
-0.63677969946
-0.506509440927
0.227957496791
-3.52770887615
2.16862701245
-0.627934488051
-0.459010019539
-1.35491670236
0.242713553345
0.495518125527
-1.64764790468
-0.542912700576
-2.00674355259
-0.599847948472
-0.096429582951
-0.902245306385
0.261938923742
-0.59887465325
-0.473904807263
1.13739096194
0.979983771639
-0.733112100684
-2.117374931
-0.263742813067
1.43872989577
0.552735597092
-0.218110191898
-0.188660583708
0.508328112738
0.0448586236283
0.747979791554
0.201431928995
1.51672358209
0.558862574743
1.21776582459
-0.379566004574
0.827436914293
-1.304434935
-1.01992847199
0.222622451064
1.1557365522
0.646698015438
-0.631184912528
-1.4607110673
0.210114696292
-1.17730676248
-1.14252830596
-0.642722570513
0.236183247525
-0.193636007142
-1.16693262113
-2.71698350135
-0.344954675806
-0.385184267402
0.176353095889
1.51646496413
-0.562184039686
1.57046434224
1.36562707149
-0.435649798694
0.0996905838556
-0.160346627931
1.07064799153
0.305278003955
-2.2954547527
0.260511877388
-0.587010007931
0.517390734286
-1.56902128214
-2.61485858983
-0.972835326181
-1.42713608958
1.23149617922
1.16069763115
0.401979547688
-1.31595375265
-0.675098285122
-0.405457936607
-0.0623264114861
-1.21275303745
-0.120379799792
-0.715589005798
-0.75829961896
0.382535863401
0.217440101173
-0.022461241006
1.30758128732
0.197465262045
0.259255687538
0.986922614611
0.839790290736
1.04184541261
1.8326731017
0.0327654894579
-0.431751427442
-2.07795875753
-0.730606555282
0.0862314189541
-0.0583442119589
1.63992444253
1.01503576283
3.23030064539
1.97454958293
1.44505418334
0.985212327226
0.03396002409
-0.897680948276
0.583306101394
1.45925699899
-0.482733172108
0.556989009017
0.358519428441
-1.25960420886
-0.0986557731381
-0.133917063503
-1.00892613366
-0.0969022858565
0.396531941348
-0.590580856763
-0.302061030041
0.118865164532
-0.459199451264
-2.30377954952
-0.574991916015
1.01406331836
0.69691475571
-0.224458964787
-0.0377901669516
0.382675470153
1.06670627294
0.694971115047
1.49777974445
0.147818822616
0.0899854927296
0.93469695788
0.850201814412
0.590432679125
-0.939873329512
-0.337498423568
0.285120676998
2.0735928473
1.04171782953
1.56594470488
-0.0785450946703
-1.3839444747
-1.31032496725
-0.220232377651
0.27040129223
1.2029670431
1.49619802528
-1.65684991833
0.100081853872
0.125407505505
1.32366875
1.52265154148
1.7890965543
0.448793895848
1.32909268692
1.20822277271
0.363347912297
0.396144850953
0.075348625392
1.20985400885
0.483106902251
0.454096303253
-1.32176363962
-0.915545810761
1.12677171845
-0.224770210556
1.15832618296
0.0916159745367
0.811406894558
1.92747497691
0.429673056301
-0.0713564693178
-1.19812575584
-0.757237882342
1.46192012736
-1.04281088788
0.605944780869
-0.592720671239
0.67306621905
0.193200054285
-0.515643018259
-0.98306132379
0.155383343672
0.262430289725
1.63231004484
0.0756728719948
0.853084960881
1.13225457934
1.54412730948
1.47469887052
-0.906099822267
-1.10445568322
0.193992136867
0.392247964135
1.4298164774
0.309047130829
0.845537936226
1.11145166592
2.54224478844
2.01988060162
1.35433203386
0.324456465656
0.39486283873
0.207651647695
0.715701693931
-0.011244076735
-0.21777792481
0.287597857058
-0.349985168164
0.492230815756
-0.937867037647
0.519211192421
-1.16449901771
-1.05249027711
0.100697988042
0.630482494065
0.860316802556
2.3551507047
1.17244567916
-0.658698106983
-1.18204007358
0.205114894071
0.471590563406
0.991843550137
0.873157469312
0.180956309698
1.52268599511
1.00586956459
0.0450179340056
-0.513092998933
0.20920763691
-0.662020538544
-1.04473612667
0.228083492155
-0.46019910336
-1.37223708979
0.535346328184
0.985368833736
-0.151925492744
0.7356016448
-1.08957254731
-0.445314094555
-1.52058329622
-0.840871180303
-0.348331825429
2.93288548709
0.963026067016
-1.82608744683
-2.2164330982
1.21596876801
1.36974516769
1.46695001393
2.23446887372
-0.00510735564731
1.63272679767
0.498547911685
-0.295203325206
-0.654923358228
-0.734936715024
1.34260142401
2.20172387727
0.363076099922
-1.49464530196
-1.84271827782
-1.27555021785
-0.552480136537
-0.991454375737
-1.35336747224
-0.641494571945
-0.760950885317
-2.40355814779
-2.67905083586
-1.10527236094
-0.1701024015
1.33045537561
0.309516007313
0.770586515151
-1.68078728841
-0.284640794207
-0.0852041501245
-1.25578074695
-0.598362624216
-1.66880892872
-1.52920742395
-1.2784761581
-0.271372494875
-1.53596478203
-1.93377419602
-0.824522917675
-0.439901477678
-1.88178179072
-0.285844237086
0.802259174347
1.0705620592
-1.24232767011
-1.16328414199
-0.0816272058386
0.289725474717
-0.240896868505
0.4199797112
-0.104910932928
2.73900139943
2.03306660003
0.399425370933
-0.0228464819173
-0.224898367576
0.330083940383
-0.210866690617
-1.32915809522
-0.220706292261
0.369167543944
-0.171389418052
-1.50581096477
-0.438200226771
-0.248770666907
0.356503947708
0.488977099428
1.84110803065
2.09779496277
-1.69041475244
-2.45025040274
1.0294986576
0.845908369946
1.45906331565
1.41169169789
-1.04541714558
0.612962152935
-0.355141326352
0.626171223353
1.05923914532
-0.371058601988
0.854043192771
-0.463585457263
-0.110504922445
-0.56550597468
-0.417865183421
0.719727366774
-0.376541510686
-0.385333590658
1.07696603711
-0.471924344355
-0.814340702336
-1.45574426847
0.414793124051
-0.711281048552
2.46351775326
0.876407633004
-0.63131139788
-2.31728237839
0.255805309548
2.55241554884
1.21756336055
1.53875063755
1.74739251988
-0.204543465697
1.44556296711
-0.661674747276
-0.322422231875
-0.760572792304
0.79771449212
0.743216515288
0.748096511078
-0.474592400939
-0.250033288301
-0.898887706043
-1.45900542954
-0.489744144498
0.0372497663933
-0.262221067363
-0.054081749032
-1.83219364204
-1.54499540948
-0.474434153084
1.46490586349
2.13455096856
1.23805802516
0.21034407293
0.717605895662
0.150361452466
1.89231789402
1.52526493086
1.57814295501
1.7797358352
1.87288162169
1.34445560333
0.312315205201
-0.620932753994
-1.55381379678
-0.242174222826
1.27959866923
0.680417376403
-0.0112802317835
0.0281724944105
0.934128332941
0.185010264876
0.656298901485
-0.578999985628
0.292627569903
-1.26244191116
-1.21482270022
-1.4204485524
1.27046307674
1.08298614759
1.52799986594
-1.18076979259
-0.136282385896
-0.445480141363
-1.7081671821
-1.02767458233
-0.583476962306
-0.656141377499
-0.580122731449
-1.71745670869
-1.13146614405
0.658051402434
-1.52577971776
-3.08671469098
1.06955379553
-1.2736471608
-0.975744260558
-1.996037093
1.23683511152
0.785485721118
0.613450417745
-0.211496111762
0.121642535312
0.715223707777
-0.226855311125
1.64372980485
0.240923381843
0.163727572561
0.27192265671
-0.394227815998
1.04850626345
-0.43079863058
-0.666457708419
-0.85112102539
0.738265400697
-0.158251750679
0.588422855172
0.714531818566
-0.124134793175
-0.495247196137
-0.938815593416
-0.288699187572
0.528882912357
1.70655998918
-0.690000951975
-2.01537339062
0.146376063927
1.60560116259
1.51447505358
1.90675991745
1.01056224513
-0.162099268286
-0.762212401154
-2.06060323629
-0.793114798232
-2.23278520848
-1.38545702136
0.585693415926
0.113307536542
-0.303420393787
-1.64504792651
-0.487192594611
-2.03389328804
-1.34510796682
-1.19850714617
-1.61568163793
1.12434258584
-0.561593095512
-1.40854122527
-1.38185904905
-0.315622286361
0.913849053062
-1.91210176335
0.0382438788827
1.22259736542
-0.397868851477
-0.644006132964
0.103459577631
-0.744187396326
1.38371825197
0.977828431879
1.553595257
-1.39244581148
-1.17261621732
-3.23937657335
-3.20675562763
-2.30903715764
-0.473651556159
-0.32421315356
-2.88790169186
-1.86692103614
-1.71264763421
-1.44240428037
-0.853534848937
0.27828779547
-0.217901138214
-1.76539012472
-3.08149599307
-1.00982197104
0.39391374123
0.334780869852
-1.50272737585
-0.12154812144
-1.31282708056
-1.54448484318
-1.93547220822
-0.145100295801
-0.917444563618
-0.0266717242235
-0.671198715337
-1.62568278746
-1.20821149751
-2.32687761413
-2.75065698773
-0.0170864467942
-0.373883183127
-1.5972041487
-0.214055311688
-0.128870495691
0.880865785923
0.42944377273
-0.00485975447035
-0.49522772767
0.619322913561
0.279728189783
0.498768997739
0.960698873087
-0.582967099207
-0.188010108418
-0.0824293803185
-0.298760695859
0.469569902149
0.0847962421949
-1.39703515146
-0.4318718143
0.298646841424
0.0416375787909
-0.873822397417
-0.949932583647
-0.515245079659
1.81379694733
0.261635892712
0.654630325271
0.284896394076
0.137820159719
-1.00474846389
0.602824096201
-0.31954149682
0.0840915468968
1.39317169304
-0.627770902202
-1.38103401017
-0.361711756478
-2.18693405602
-0.468237868415
-1.96221578721
-0.0705511491984
-0.504061687305
-1.34068808421
-0.735511429605
-0.239935290579
-2.0590580329
-1.57424924135
0.0157877146594
-0.827046006755
-0.443252592237
0.885622836673
-0.376667906149
-0.21579954421
-0.63425679698
-1.110209512
-1.96764301431
-1.81081573474
0.364819091346
-0.667464508556
-0.99096758428
-0.564612327206
-1.92120510699
-0.946453189082
0.773097053562
-0.282041162174
0.0595765385946
-4.4104483971
-2.52539194887
-2.54111538655
-1.69152839102
-0.838998506312
-0.995117303947
-1.09562314388
0.0311805661375
-2.72699750107
-1.44410405263
-0.782481834213
0.0359177408999
0.464076363191
-2.43969909653
-3.11503594741
-1.38453904323
-1.52174558872
-1.30180386509
-1.76033950133
-1.98922929751
-1.97480335832
-1.16708749493
-1.41632261364
-2.27361235898
-1.89620641385
-0.92639285695
-0.950753182537
-1.10195061468
-1.52907404508
-1.98617091423
-2.96211454509
-2.07385516901
0.127352601159
0.452829437194
-0.507475664623
-1.00861953723
0.304385670843
-0.106679693444
1.01798203369
1.72911796919
-0.25510704554
0.514762688145
-0.694305473517
-0.559051674529
1.37094808084
-0.0767087122941
-0.628130507143
-0.960571453144
0.903788041617
-0.971926589022
0.0395689920665
0.604516053097
0.85556676599
-0.32583377071
-1.32899176865
-0.473087824565
-0.414614549272
-0.322333519903
2.79566592617
3.70177628138
1.76756748851
1.3652151363
0.950704176588
-0.152654848826
0.921359681523
0.305000003451
0.682178621362
-0.39957060278
1.24976373736
0.817456293191
1.1634785983
1.67433108833
-0.371500317804
-2.23953398337
-0.826573150826
1.6993869061
0.729675000842
-2.00131373448
-1.25997344896
-3.74973024503
-1.58747458883
0.620642175435
-0.165448544067
1.44704000139
-0.316590944355
-3.19871088827
-0.292733437483
0.592236102309
2.1319293252
1.43835357836
0.717850978822
-0.489509695958
1.8716898784
1.58848229868
1.67238044412
-1.30418202544
-1.96084224597
1.23320821512
0.876333835258
2.67519518631
-3.54588671676
0.0294568321653
0.971514836574
0.291329216847
0.599840931368
1.89500509353
0.614657536909
2.63296833885
-0.350501986582
-0.4802818822
0.875966832676
0.327478286843
1.42767065298
0.208483884662
-1.59411975566
-0.705325974319
1.54946401773
1.75186887674
1.70441951658
0.689545557905
-1.07557439552
2.42084219805
0.94262398062
0.356996515129
2.32257177647
2.75620385968
1.4357102386
2.12721927541
1.07218990993
0.125505920451
-1.32355243268
-0.930423632535
1.38319385865
2.08886798322
-0.259789167173
-0.853969592263
-0.183412245015
-1.14009995826
1.7132127288
2.03474522612
0.0179479656523
-0.515276329853
-1.12132634136
-0.185529518441
0.469482869587
0.54838337085
-0.704359990296
-1.27092412399
1.45225953831
0.376795346467
1.43741819585
0.762359627136
2.41611672485
2.87895047673
3.39013371508
-0.120459838343
1.45941074139
-0.775612021513
2.162514562
4.05761145381
2.22995882676
2.57316389946
0.676376995315
-0.893060201851
1.25021555461
-0.441250601537
-0.80845831272
-0.941576652508
3.75538642941
2.33919431992
1.20243777566
1.60039795602
3.69318544517
1.16947289156
0.576800964452
0.0118033829829
1.3180308781
-2.92589594001
0.152538223867
3.91543468153
-1.57079435378
-2.49838468393
0.976060111469
0.0658261963906
-1.09508717474
1.29674735369
-1.19990919509
-0.0743504759332
-2.2261700447
2.45972469624
-0.864917407016
1.87504555629
-1.10339326211
-2.03327360945
3.72048376815
2.72648511039
-0.54838798622
4.13645769603
2.84672355596
-1.81969555258
0.690816420989
0.759158677645
6.39298993609
1.78017158017
6.17125747786
1.82539074199
0.639794345057
2.93406320264
1.54435940551
0.886466162808
2.09299749693
0.63963893732
4.09202126424
4.37999417131
5.83704255678
-0.779040034108
0.798636644177
0.395749765683
1.89226684836
0.758957740424
-1.20053823695
5.63826443561
1.6351759862
3.94907437505
3.87370626441
3.45447440193
-0.715964307606
1.65923892607
-1.27594202971
0.459102720547
-1.72687080871
1.84830046872
2.02275679608
3.47879480747
0.504620859046
-2.8578419005
1.38365774469
1.43466482508
0.458628128213
0.344816143799
1.13881320189
-0.127229375718
-0.152763796359
1.61806495913
-0.0293881568517
0.92901443186
0.102503543772
1.19513297921
0.986312722609
1.85686770566
1.89156609782
0.75526944957
0.647092661412
-0.925981238878
0.912649046952
0.109996748172
-1.28885459733
1.37135336048
1.6158014879
2.66452909908
3.7510650588
3.70192303069
-0.871867910611
-1.38560574268
-0.959671382874
0.300576651563
1.94092245764
1.26641585063
0.840750206595
3.45133863433
3.74521788605
0.880535652353
3.54769522219
1.16407527236
2.5359565852
0.456147757891
0.150876731689
1.82217171447
2.22380100811
-2.52345406883
-0.304418342169
0.540362278091
1.92727683854
1.30838177905
-3.6450523996
-3.68617550363
-3.88667013968
-0.665309439253
-0.416744843021
-0.926505350886
-4.47042698039
-1.69927543114
-3.05735255552
-0.797386184567
1.66429942642
-2.33658521311
-4.67998832801
-4.15845748289
-4.95304706209
-5.21157033048
-1.32950875693
0.206830253223
2.2255846849
-2.19479024841
-2.0865659339
1.49089599936
-1.97592063892
-1.30061729169
0.776134430286
0.206915431734
1.81912005448
2.76065500289
2.05813607347
-3.03071705397
-3.59913331279
1.44667837208
-1.62017910999
-0.13642194395
-1.3390895559
-0.614685620314
-1.12290366604
-3.58287980114
-0.289371783244
-0.749144258727
1.85948190389
-1.76170986314
-0.222537418419
-0.845667363427
2.09115346465
0.195022434456
0.625257681408
-0.0892384927994
-0.491315655977
-0.166650335521
-1.00501981704
-4.3307171849
-0.333513886158
-0.579731625783
-1.43784670063
-0.212566021473
-1.16491458312
-0.59598284011
-0.508397055232
0.204214415325
-0.58966513461
0.157274155688
0.974075459489
-1.57232335906
0.398660824322
-1.07872060714
-2.26350017234
-1.42150085006
