-0.710193210311
-0.33725580698
0.082894179496
-1.01103364877
-1.54676954872
0.399957043045
-1.23628531088
-1.52857570123
-0.72651177636
0.604160732436
-0.486766281299
-2.49055665433
0.0795340256371
-0.290254367879
-2.01907419409
1.51543922325
0.640730840148
-1.62917026374
-0.324405821585
-0.290680101646
-0.732305889182
0.313396920172
-0.48576430018
-0.529486703169
-0.848558854831
0.167003534516
-0.857978633482
-2.00852798365
0.214543194059
0.465527891708
0.868945708297
0.156867342264
1.33758110552
1.12331285523
-1.47373561534
-1.73426772364
-1.81534551866
-1.28563485935
-1.60443442744
-0.917198864924
-0.735201541569
-1.00010604534
-0.926702308675
0.168726861289
2.01187416714
1.72151200751
0.416882781637
-1.35114594015
1.3252546569
2.81820896816
1.89830105404
-0.687744649581
-1.16286852666
0.492597665698
-0.249029011142
-1.39240361824
2.39700391117
1.39588752462
-0.957329255903
0.476575669482
1.47665326829
0.728746481266
0.0105244903798
1.9470241191
-0.582891260179
0.992955146055
0.474956424667
0.754321428268
1.80898082063
1.46013958784
0.8216969801
1.93802144391
1.15624900278
2.55633756701
0.298040088872
-0.769679398059
0.0087588956729
0.526384629322
-0.708056189191
1.97361815996
-0.924409787102
0.272156501841
-0.37189651148
0.298626388773
1.06513020513
0.436759315821
-1.52283539272
-1.58475358843
1.66058041019
1.27982631168
0.11057205626
-0.734054499813
-1.07859853894
-0.646339256517
-0.22563815728
0.361900433475
0.665860324747
-1.02481044241
-0.314845751283
0.431928831144
-0.785472116915
-0.58832166653
1.21980408239
0.0119984714801
-0.449726720798
1.35334960527
-0.532771621155
-0.167946942803
0.517124218996
1.21344754024
-0.348498906491
-0.00640735055668
1.18549999508
0.881170717151
1.21700764754
1.40231868438
-0.46891366499
-3.30991527488
-1.32962334306
0.435674748877
-1.09961510001
-0.92154140247
0.380350290565
0.281625045688
-1.30835178548
-1.13249749095
1.15309200354
-0.554828789211
1.14215729968
-0.874776735323
-0.299469596592
-1.135848558
1.59569139892
1.60063380638
1.86585701532
1.09338527482
0.297222714852
1.60704222056
0.761992676563
0.713612180236
-1.0059103707
-0.716392323142
0.669133596987
-1.09713196969
1.34226545272
0.193278645147
0.147993113248
0.48789572806
-0.580965479824
0.102802236784
1.6073630162
0.292352188726
-0.348498036121
0.314016579476
0.212943354327
1.88972583467
1.74755994504
-0.99094251121
-0.388203837292
-0.561922081271
-0.741280144837
-0.222899322935
-0.34308970221
-1.01363598461
0.679063320464
0.916510832342
-0.935627679036
-0.762235711119
-1.43893644392
-0.324221247424
0.147507433032
-0.577388165266
-0.623096837556
-1.27007399198
-0.13726361213
-1.55373836784
-1.56179607345
-1.43771055049
-0.655071698099
-0.328714523801
-2.13604345727
-0.558633982647
2.31410029021
0.36411656336
-0.229325163233
1.6540793051
-0.789057253513
0.223654813022
1.58072544952
-0.303958299856
-0.823268328027
-0.237644721613
0.208895506647
-0.274902740979
-0.616410395511
-1.37425621458
-0.543650431904
-0.246292065162
-0.345814887146
1.46396668865
2.09209023085
-0.0394515381868
0.690458174886
0.510259297777
0.085716299294
1.23079196267
-0.162756889176
0.754367393602
0.670113923849
0.850556229791
-0.764847895535
0.138117350568
1.23771467307
1.82941892863
2.6950478593
4.69995043222
0.772428596136
0.588674693773
1.98884176994
0.604176433687
-1.06733302965
0.464821181906
0.653389386422
1.07948744751
-0.478093698097
0.163247300676
-0.0955304647326
0.226885026962
0.625969521689
-1.08569648051
0.953021924369
-1.20407359438
1.42493675333
2.09471118594
-0.473712305401
-0.554221778974
0.0291598341791
0.113039631478
-1.23807912273
-2.89975264637
1.20342945609
-0.970428667833
-1.35789872365
-0.32947713141
0.0432552194864
1.68364457122
-0.126735286039
-0.467175347663
1.45828232384
0.488274194145
0.556409518497
0.548864650869
-0.756069113013
-0.718033626034
1.07892919048
0.302207790266
-0.841760205934
-1.05121235941
-1.15304118837
-1.49823033188
-0.107391915591
-1.12129100179
-0.644868475784
-2.76389633025
-0.239804492972
1.06939704033
-1.67689345266
-0.339871263922
-0.404510352646
-0.0170321255176
0.310977732293
1.94404192813
-0.751574386556
0.63628677132
-0.115827619738
-1.26307940663
-0.152170806684
-1.23922184767
-1.58011447355
-1.73366177344
-1.5898039873
0.444662965156
1.7124873231
-0.357802987283
0.665202346503
-0.408376277587
-2.05085856088
0.569483315094
0.46239662338
-0.083653208281
-1.13039457184
-0.77318857998
-0.926015632452
0.00244573323358
0.164527969815
-0.164594669122
1.03336318695
-0.959177612249
-0.287142679302
1.70442886307
2.08114911854
-0.0713247854055
1.10270523695
0.809703114572
-0.443371250983
1.3021067144
-0.724348814024
0.93960559649
-0.36530839506
1.52872030141
-0.874601322967
-0.750158097485
-2.33470170375
-0.378079429215
1.25670588108
0.97947819147
1.32108449225
1.23064357753
1.06879456296
1.12212601813
-0.291964276564
0.751615812541
0.59808546798
1.29134109964
-0.11824732725
-0.582879971008
-0.07658977772
0.803417461872
-1.52699783598
0.344624550247
1.16673559804
-0.436281319136
-0.2160411248
0.0829222760514
-0.441953013939
-0.593984404863
-0.477233118499
-1.55540798882
-1.00308433903
-1.89372105081
-1.87647097359
-1.51066660638
-1.80361733043
-0.366690216895
0.284305100203
1.18029526039
0.862119818541
-1.11940977616
0.00249284117615
-1.48368313479
-1.23695497031
-2.29762883947
-2.22419200973
-1.31606643735
0.0131620963611
-2.36434273804
-0.417224906812
0.061123258147
-0.728302791776
-1.46993961315
-2.34886660033
-0.720717986518
0.926327152399
-2.02005258587
-2.47907260142
-0.667043780653
-1.29348533111
-0.0126512430591
-0.634757339694
-0.147179339076
1.62682784843
1.49357227251
-2.1231374527
-1.34857110378
-0.427860490963
0.446453786495
0.472790089338
0.0382038814904
-1.97786802998
-2.33205559906
-1.01779966493
-0.051220182591
2.03604430339
1.4578365473
-1.51610141642
-1.76995577442
-1.90838305587
0.29243644004
1.21671899653
0.11940744727
-0.432262969354
0.390006893296
-0.0968076083232
-2.17596419916
0.155899754166
1.86196881264
1.78715461275
-0.266631103409
1.3870509952
1.92777928911
-1.40205667659
-0.283093706797
0.187451365431
-0.30036883282
0.935901561631
1.84213057422
0.672797157729
-0.612287479692
1.73266257881
1.2575405767
-0.355278161015
-1.82349911813
-0.630707040663
0.0545348922604
0.873187916413
0.281820002126
0.800791931042
-0.864201107044
-0.306322180676
-1.47599279638
-0.622211919165
1.40711517205
1.21759823633
-0.349523522499
-0.210388139136
-3.04931713033
-2.17701063049
-0.230329552778
2.15258238338
0.0272070129224
-0.296949786314
-0.320673462397
1.39139936846
-0.41433190108
0.677779109084
-1.95326306119
-1.37480862809
-0.949980487819
-1.95334794109
-0.998289439535
-1.0648319959
-1.09796850645
-2.94173978949
-2.87401189165
-2.3183678826
-1.53528921247
-0.257908255014
-1.51589665863
-2.37656300004
-1.69207984493
-3.21652080259
-2.44770227393
-3.70370598991
-1.1824182967
-0.916171580613
-3.14761125468
-2.85702613985
-2.43708337953
-0.15363434074
-0.42302694323
-1.15312854792
-0.714074509496
0.236268089048
-0.265301116567
-1.01041933461
-1.05907163374
0.219939758124
-1.0721025382
-1.40081341121
-1.37663688224
-0.864020991362
-0.623193762201
-1.75183303205
-0.127165128773
-0.814480301382
-0.548696039147
-0.634452378016
0.728423535177
-1.22927270911
-2.79495364001
-0.773729325185
0.101420510538
1.89875344642
1.14583722038
0.0471067681147
-1.21310424628
-1.05160512931
0.0627999629429
0.388462993343
0.454084403034
-0.358231194089
-0.871202356219
-0.785008953898
-2.25664492594
-0.803718283345
0.904658747238
0.263273587583
-0.208967556732
0.701009863729
1.68612481909
-2.46414516688
-1.22036985481
-0.249248963214
-1.19368631321
0.0490637976891
-0.201077209092
-0.486739228551
-0.473859666537
0.134204015788
0.814349514524
-1.10159014195
-2.21474416637
-1.35244918345
-1.1001684174
0.830758253685
1.45126048338
1.67629811943
-0.875999512621
-1.20822367289
-1.29533669092
-0.618280891073
2.1884946769
1.67062324194
-0.775285813975
0.0911975462733
-1.91714754056
-1.38937221361
3.44992252245
2.76395143419
1.46615115972
1.41941649271
0.548248715631
1.81501053507
2.09281465863
0.305221859757
-1.20969678732
-1.54105854446
-1.82282631036
-0.593380183808
-1.54321511517
1.13769626897
0.361966867996
-0.897635438883
-0.857135465852
-1.7599932624
0.353727693907
1.09547739326
-0.551497074894
2.57740231157
1.28551148926
-1.14672193694
-0.013888372925
-1.05998213382
0.46478127633
1.66918861884
2.62303793879
-0.428082478564
0.88760649427
1.16954201878
1.51384282805
1.13251469539
1.30714364828
1.40567494465
-0.846033146115
0.151608784598
0.460765180339
-1.39514822122
-2.33849606331
-0.420942800225
-1.83209238419
-1.36931053419
-1.3482821034
0.239150105517
-1.57579282942
-0.41477028414
-1.47371649101
-1.57433997038
1.19129949462
-0.751592994149
-2.8579397912
-1.15552241343
0.988745506739
1.62771941949
0.368536820049
-0.9279178866
-0.278018755542
-0.992080344599
0.561870650761
-0.592713635684
0.607307801863
0.38729033318
-1.28846580612
-1.39561441719
-2.16732080526
0.185209460027
1.29431527968
-0.331141204758
-1.28736829223
-0.116064389135
1.80114120273
-0.479718279306
-1.08014429361
1.23794274269
-0.420051401927
0.040621770364
1.003378698
-0.793330859035
-1.37370361455
0.000718565924365
-1.42672144185
-0.816815619288
-2.35358392355
-0.583537900956
0.376377129264
1.13243691858
3.54127187124
1.39857263822
-1.31255028352
0.59557442343
1.02561369341
-0.00704513662877
0.874848565612
0.875562807663
-1.00412790134
-0.0667961635652
-1.56596944395
-1.23576346539
2.51003305126
2.32480210891
1.21174537487
0.712531232491
1.06981546977
-1.654822816
-1.19097616592
-0.92117637463
-0.379409789124
-0.56065688729
-1.6092556307
-1.77319987485
-2.01052365509
0.177378583396
0.051952971421
1.27324447658
0.283120211149
-2.08057878023
-0.514909809227
0.902493029635
-0.868634097532
3.74937307224
-1.05279989831
-3.26366582958
-1.13080540404
0.57707039943
-0.495587742688
-1.66848853776
-0.43251465636
1.98687455734
1.35236293354
-0.829274950292
-0.212924222431
0.936949236075
0.400437156695
-0.608468451112
-1.59281139697
0.0140660608687
0.027255823887
0.130971016463
0.0349186763635
0.19917487378
1.19929951745
0.242394466684
1.63315162644
-0.0916830689481
0.294201762919
0.929536498557
-0.344950527863
0.0712078810441
1.39416123209
0.660075043959
-0.224200349276
0.460494067193
-0.127834638198
0.302998941204
0.249201046923
-0.266862797958
0.547812527881
0.655500693059
-0.641664124687
2.38042018642
0.818155246521
-1.74532263345
-0.00961897482199
0.0504026676084
0.481883790059
-0.161105687223
1.45442348049
-2.15003746918
-2.31691142895
-0.540833579265
0.125621325162
-0.0462971772624
-1.37028467797
0.959951858023
0.242867219083
0.70425496083
1.00778415212
-0.260244322367
-0.649500534916
3.13979100308
0.763226365866
-0.39651830054
-0.737314100708
-0.124305419054
1.73289264723
2.08555798505
2.64108629485
-0.562312038668
-2.00038258443
-0.210736423563
-1.92050287142
-0.721800636719
0.552263221267
0.166203779923
-0.77183940781
-0.512557243112
-1.69368253565
-3.23057215332
2.99080434486
4.02875423824
1.00274020431
-0.20402949656
1.4257976105
-5.47886169212
-3.88268736433
-2.90190014656
-2.28020056139
-0.996705911708
-0.302485466805
0.518595481972
1.05128328645
-0.770315980356
1.38353339295
2.28663941677
0.895492183931
0.551270812453
0.098852712705
1.81512959268
-2.78588566305
6.42683869829
0.696721721238
-0.043434275765
2.27923415647
0.0164743599971
-0.645992406069
-3.26182948519
-0.588260897046
2.19796194702
0.68620272856
1.06841666638
1.90487331342
4.27870532278
3.52015402606
3.2913587613
1.79033764606
-1.38251947407
3.70435097999
4.84292223826
0.983642652385
1.1166648145
1.06102778908
1.44222178845
1.95430997476
-0.316271633392
-0.748512738364
-0.604026968002
-1.83676721156
-0.629094580983
-1.02095850998
1.54754590875
0.872966838313
-0.525935661634
-0.649336708788
-1.13086705679
-1.68872494272
-0.993706914031
-0.155853906625
0.617720845187
-0.608700458334
2.06015019722
1.49410215732
-0.687320337324
-1.37098424694
0.629695467643
0.212268245854
-0.75419944097
0.365900121915
-1.57194194909
-2.7802597347
-2.16380640284
-2.0336603098
0.237608318517
4.78449225864
4.7961122161
0.186531793216
2.30449213924
1.92896505213
1.12930680547
0.215334085757
3.6891628731
2.12457474837
-1.47320428277
-2.55745881215
-0.60143881467
-2.54243430281
0.327013089995
1.60639827849
-1.43811942004
1.13441392506
-0.173739289721
-3.11537349474
-2.75238279832
1.46469058805
1.74897955018
3.77006960528
1.13126670838
0.550970467626
-0.775286317677
1.57377250525
3.60209414294
3.49627918301
-0.618145928614
3.1749729486
-1.50223162415
0.835735698745
3.58816702795
-3.62683708711
0.558881104774
0.439273635406
0.885517265296
-4.2323087317
-2.54466256938
2.13517366891
1.1484004105
-2.49480359582
-1.46793601699
-7.63668581392
-2.59934496068
1.48517467476
-0.220879662657
1.07288823401
-1.80801949352
-0.00658541482357
-6.08283205328
0.995128245999
1.61478845953
2.62138423374
4.80791107117
-1.4391394876
3.00868744152
-0.333489738128
3.60122523054
-0.81190975192
-0.2099641116
2.81181129872
2.48380566149
1.31101603946
-2.76504306301
2.35390769832
-3.92256676791
1.32213000288
2.85968276194
-1.41846818125
-1.12825707323
0.728136701842
2.41512898413
0.824957836929
0.415238399782
-0.776256918006
0.931634172441
2.96765284548
0.712585416606
-4.70492066527
-0.40461363722
-2.96581989472
-1.15074943458
-1.56449958749
-2.70692169861
-1.80124788221
-1.45658097783
-1.37154292288
-0.0800168211527
-2.23222701983
-0.421184465382
-3.76414721433
-0.421574923041
0.553190361882
-2.54159176183
-5.23878001746
-3.24439128083
-0.448420131899
-1.17809743941
0.188964622033
0.0731635656132
0.287487693972
1.19592467527
4.07049205629
-0.0208411398472
-0.143944148455
2.12670152613
0.937603167096
2.7782667312
-0.37996674237
0.968139876661
1.13408417866
-0.427489005879
-0.606293808903
2.68297661182
-0.0815208179936
-0.318500373862
0.712383250288
-0.139856572237
-3.16898477401
-1.02504893045
1.28859374534
0.531841977746
0.23166398901
-4.42633993775
1.91730174698
2.4954235296
-1.20106289429
-0.151954944051
-2.77533416592
2.98663276571
5.50014340395
3.49641334843
0.90034960845
1.32328628549
-5.84743806933
4.48200181394
2.55392947908
1.67886646463
1.78250388151
-0.74899940355
-0.388698163508
0.938215053227
4.02787718932
5.66216829057
3.5111153597
3.29537091455
0.608907347833
-1.59202902634
1.10162082926
0.439743778914
1.18491680547
2.61004365336
1.22162444811
2.78956996193
-1.38705993211
-2.04403203768
-0.216212373674
2.29970126404
2.20073285799
-0.289262005557
-2.67935429111
1.99358537641
1.46032059801
-0.991968763569
1.82675085594
1.34677364939
1.95385531876
1.25869576961
0.601433965992
2.55394080384
2.09826607237
1.17187506474
-0.705420402141
0.95548700172
0.0615005368047
2.56754120868
2.42578046609
2.3118651292
-1.81184456324
-0.960212188484
-0.686298939372
-0.809755929055
1.02033957424
-1.09075893273
-1.1079479471
2.52103082196
1.46938614381
0.236391077825
1.07262659078
1.10395396254
0.20387815734
1.12066207526
1.45377942281
0.869536638918
-1.13712954111
-1.28922411066
1.26284998329
