5.06283457713
3.42091110986
2.33746864616
3.12121267404
3.11657211718
2.51788672898
1.19642368995
-2.19275577293
0.465630019792
0.598534593883
2.70790445271
1.9571844559
1.89580347874
1.39394909521
0.734216080415
0.211996113753
-2.03569431611
-1.25638651742
-1.1589520644
-2.769785705
0.55808001
-0.291084338001
0.0574307403807
-0.839744552241
-1.6773080797
-0.9870877157
1.28460312126
-0.964697482486
-1.41417903122
0.107150186816
-0.637089978892
-1.65231891051
1.02487155876
1.0211236905
1.84251909141
2.01348416218
1.16663508765
0.799077678532
-0.461107342971
1.00239192311
-1.29913899518
-0.293369876919
0.243593198959
-1.17132057377
-1.31051038305
0.68095733972
2.8866355899
2.03468446226
-1.85345876642
-2.6733535663
0.327634235309
-1.69923657376
-0.755256026258
-0.142416200564
-1.33654687818
-0.704679621019
-2.9745493453
-0.0789537045671
-1.20221033819
-3.53833968491
-2.7445605043
-2.01200794131
-2.07196989924
0.451368337053
-0.592057205501
-3.04420269358
-2.42126568141
-2.06931079457
-1.38162611893
0.778054702174
-1.45145038271
-2.34122521339
-1.28089474548
-1.94272307847
-1.52866702556
-0.318872109145
0.144709350419
1.00099790379
-0.863907277026
-3.21348472626
-0.318160762836
-0.760346904996
-1.31651136219
-1.91028462178
-0.264816044674
-1.65462826271
1.17360376493
-0.14008545376
-2.0073171379
-0.121306401583
-0.0698813902876
0.235642259315
-0.320857529765
0.729312274764
1.75694126237
-0.651796597574
-0.893845696128
-0.806684651101
-1.94591459027
-0.983483448711
0.597351707107
1.52923628666
0.985413826731
0.355703499577
1.63124894934
-0.310693428909
-0.276311945048
-0.596530426964
0.215756273333
-1.32097614844
-0.100841466385
0.325421048071
1.33287135794
0.557645292112
-2.0552827452
-1.78580484108
1.96408330528
2.05119061278
0.285635836003
-0.682002659844
0.28971193043
-1.46322257264
-1.98278472013
1.38657526209
1.57606381773
0.709442336176
1.09703380317
0.533791502097
0.68795279751
-0.697729507195
-0.860153549697
0.179241037661
0.459983235448
1.36746894068
2.1755956694
0.943554684383
0.666564159156
0.638743704577
1.52053896932
1.4680323153
-2.04180299764
-2.53022975595
1.1034735683
-0.302339883607
-0.00131041954192
1.89387850626
0.99880657144
1.91029597834
0.242457533752
-0.104437019746
1.61488485607
0.0235595891682
-0.998972603175
0.394726553786
-0.730669983516
-0.595924157324
-0.72034336822
0.144041500175
-0.588361073098
-3.39368360382
-1.49694524205
-1.23788034883
-0.253588854586
1.27193546902
-0.287045268002
-1.45038766446
-1.56975971872
-1.02387662091
-1.09747996708
-1.0732337618
0.762672691858
-0.345661032243
0.431870060999
-0.702928887291
0.55588051266
0.629078634608
-0.389523307299
1.23682417123
1.35321663188
-2.75858199573
0.0403839869067
-0.336312871792
-1.84305841793
-1.45083870814
0.203246143882
-1.4834810519
0.60554855989
1.00266771608
0.046817367625
1.06967784823
0.369577782457
0.14068478214
1.05191754839
2.07627293943
0.822035486227
0.26944698537
-0.51389269108
-0.884687117525
-2.33027566008
-1.80115848589
-0.589432556907
-0.181007667779
0.918300657907
0.277953911577
0.300077500269
0.411097834998
-1.56676453646
-0.540414279781
0.693974534331
-0.330608569525
0.795472307107
0.0291880178561
0.668711118762
0.792693386319
-0.378765425614
0.260989712425
3.05570879319
2.44705480343
2.31812284702
1.99776067232
0.884100777286
0.711281533454
-1.15627014277
0.101823983204
0.815504847764
1.05537317313
0.0818855704972
-0.74518825536
-1.64327243723
0.0599368227067
0.861298379235
-0.253868092891
-1.64772204672
-0.341476823263
0.505726654812
0.255572837213
0.0605092089121
-0.527220489973
-0.133371601706
-1.2530491265
0.0507122997916
-0.246800013557
1.18378296274
-1.21323406185
-1.04703509675
-1.77368209752
-0.19068160045
0.917428954208
-1.86711223585
-1.37792512458
-0.51151727719
-0.480484499975
-1.13763654341
0.602614671212
1.51492031964
-0.234618612035
1.79652864976
1.84655257812
0.428989344951
-1.76235244808
1.22810962254
2.04922327826
1.16551399339
1.58854885506
0.829234769509
0.650834647303
0.503868580403
-0.601131187905
-1.14405495665
1.40859325589
1.91896087129
0.613651438788
1.08666870084
0.959245225506
0.44352210958
0.522460912637
-0.405039366944
-0.0182037936054
-0.352647388389
-2.36635640051
1.84637652036
-0.101377946822
-0.743854703931
0.883188690656
1.29822678675
-1.4287588281
0.537261716894
-0.465987039812
-0.2365806474
1.28169402313
1.45115039827
0.116744584415
-0.566709752143
1.85748809756
0.938111231727
-0.675988155721
-0.714159640616
-1.87830866357
-1.66339763823
-1.00417184693
0.253377150195
-0.770909214524
1.96990969221
0.903077106117
-0.997012370975
-0.524194983113
-1.37946293957
-1.96517803863
1.08222782217
0.2473941083
-0.218709297199
-1.5373815457
-0.673359066222
1.78178881311
-0.452023682649
0.706173674206
0.0027173135341
-0.529653093313
-0.454769126807
-1.28932662887
1.1740392597
2.16539772808
0.817819216537
3.03297303848
1.44901330999
0.747087760874
-1.76226374114
-2.29638082672
-1.61213099312
-1.51838621718
-0.634254208204
-1.50797351742
-1.62590951227
-1.93119032256
-3.78535476078
-1.57398102743
-0.425909961902
-0.240904370792
-0.000574864213809
-1.22873930814
-2.18267988667
-0.978436489568
-1.13652290866
-2.44584782347
-1.64372305352
-2.59227792827
-2.92523243877
-0.701712301342
-2.40289399736
-1.3146166605
0.394957571793
-0.653992801977
-1.76119394366
-0.788063028407
0.0733119578749
1.22932877939
-1.22486671595
0.697037892042
0.405039195739
-1.31066906371
0.779425688435
1.37732328052
-1.04496534771
1.57135562163
4.42262815308
2.28762127373
1.06386505824
1.7090994048
-0.428388873908
0.173771823392
1.2333068634
-0.0648504593373
-1.43249232701
-0.172292122301
0.00910717614901
-1.51953174796
-1.23664987205
-1.41089947357
-0.444971456559
-3.27694671739
-0.404134497604
-0.578972730366
-0.992366840218
-0.236391331262
0.797562137235
0.837729066549
1.45948859222
-0.561481838806
0.624259108467
1.41456291868
-0.246192499921
-0.146279513532
0.813137317609
1.99602465822
0.384164534048
-1.27249044972
-1.66254437388
-1.77650955888
-1.63450412103
-0.0653743894482
1.56347451941
1.36398186213
1.81694005394
2.98500714139
3.15471972204
0.513004321155
-0.993323193426
-1.05559158585
3.45808345998
-1.31743357455
-1.6380536345
0.412756132129
0.672328045019
0.195579356946
0.0775929211204
1.51539264894
-0.737142456439
-1.58197665618
-1.14079526671
-2.81499561007
-0.184657928454
-0.577358684464
-0.923513294881
1.63887340328
0.624361214096
0.576406924406
0.18504413072
-0.317596880204
-2.45885314788
0.61829630819
1.47276174239
0.746527786334
0.441486400325
-2.30847942688
-3.54431374136
-1.58713686254
-0.944879156464
0.0748469534521
1.27970738173
-0.0694856997724
0.499538600451
0.032664284244
0.829240223383
0.213410421454
-1.6909558019
-2.1288095837
-0.427964332369
0.0545977591533
0.236337571588
-0.406140627316
0.613493284368
1.84419791401
0.208005011197
-0.026640824195
-1.63256705753
1.30242109059
1.3454349802
1.32982734585
-0.231375250993
-0.405776500679
-1.14659215684
0.476841370614
-1.58340723262
1.24164937915
1.95721793653
0.20001785785
0.422618852549
-1.09911360809
-0.349615331469
-1.52128753172
-3.35774155666
-1.96890121549
-2.38518664247
-0.922179163279
-2.06404737284
-4.05488253798
-1.95410022823
-1.93722160261
-1.47380929475
-4.6817979578
0.326463968361
0.120103098978
-0.767246120692
0.00383753991437
0.77135351076
-0.235727369151
1.24512609398
0.728266975294
-0.996812709004
-0.127990801905
0.142159806484
0.257143221737
0.597817860091
0.956597398579
1.14994065081
-0.740239335326
-0.468560632748
-0.947328169313
-0.634802289481
0.0944609336745
3.29045089416
0.512284787213
0.603424564668
1.51767049667
3.055613307
1.11831943437
0.476396805733
-1.96450028305
0.950189761762
-2.11458196289
-1.99996287713
-1.0254845133
0.0981921677537
1.55250542187
0.951489436208
0.0586738633724
-1.85321874498
-0.726271307236
-2.83201451966
-3.27747903844
0.784631895566
0.430193335187
-1.09033270889
-0.16423974763
1.53496548634
0.210051879373
1.15182217793
2.23676942173
1.7220226188
2.62128479232
2.9417847388
1.90780604699
0.783134712368
-0.836274739603
-0.831536369732
-0.697740504006
1.73284887246
0.218155590328
-1.74717232713
-2.78333088917
0.507165600488
-0.136479200073
1.36778515254
0.948141319497
-0.92697539558
-0.294404896784
0.667276533735
-0.743658906936
-0.470046040995
1.77801936034
1.95773941589
2.11173912521
2.10895807626
2.58477812294
1.13572536885
2.04628716962
1.29623287782
-0.290630291107
-0.703545020956
2.34440587664
2.33501703687
0.659287843312
0.480419248282
1.84248120499
0.708674342249
0.0671392509858
0.217967604498
-2.39604160837
-0.202881216737
-1.60557772436
-2.25453414938
-2.83535507942
-2.5313470708
-2.17892178135
-2.16236313506
-3.2152528515
-1.07094675863
-1.70248170426
-0.839352119132
-3.9089401999
-0.487414634552
-0.527796544813
-0.71348357227
-0.0180797925545
0.991482021222
0.129508896134
1.89762948047
-0.457571121765
-0.639976915915
0.574027671779
0.409421696437
-0.575273056773
-0.121440344854
1.24322677752
1.68600374522
-0.673163081304
-0.145570754419
-0.892156667023
-1.6695389538
-0.61745211437
-0.207273096923
-1.96987294259
-1.08354524267
0.61030604345
0.281077411948
-1.46562698524
-0.542379211517
-1.65918129421
-1.22466658738
-1.06345582793
0.64164900014
1.23944818562
0.571460245154
1.57344108924
0.940232357367
-0.47042592403
-0.418346451122
0.365092342579
-1.99172536362
-2.97151077338
-0.216073512909
-1.34623957049
-3.18077657826
0.0662593543432
-0.88190043628
-2.31485193765
-1.29323953345
-3.41193570392
-1.3340545281
-1.20835245642
-0.849227199692
-1.34251114804
-1.07961189173
-0.88971731269
0.197230975385
-2.17375417248
-2.94461950265
-2.73068952685
-2.06637036712
-2.80500058006
0.237223262736
-1.14150783243
-0.600373005709
-0.317497506187
-0.450231504924
-2.08500615441
-3.05241574205
-3.49795496598
-2.09774505644
-1.20040112395
-1.45496227197
0.039626727195
-2.09409095196
-0.140247037712
-1.73940331399
-0.266787868247
-1.68630731109
-1.83594803412
-2.21561675918
-1.4178806808
-0.578535541385
-0.60462989587
-1.69062883974
1.39562692153
-0.375914408287
-2.44319534223
-1.09182610113
-2.63722484565
-2.61414943695
-0.616844367358
-0.831837141773
-2.83912712615
-2.20666893524
-1.0393040443
-1.01367213008
-1.29509698915
-3.52234841311
-0.497026446889
-0.570906639241
-2.29407980914
-0.131093725148
-0.641125903524
-0.0838983741989
-0.660254138193
-0.26510719367
-1.11641669547
0.589014502945
0.74451129513
-0.615834804946
0.102495077785
-1.04106548625
-0.923754590563
-0.0798187540788
1.4972897661
-0.689876012647
-1.62566835271
0.975319404359
0.246073897105
-0.0464065329563
-0.655439222218
-0.439349112381
-0.816870642106
-1.3676376098
-0.719193927929
-1.89728602596
-1.65682069207
-2.26045388724
-0.054718925194
1.26029675688
0.301550934068
1.97309362731
3.43430155391
1.91972949643
1.43664187732
-0.217830033317
-1.86646136282
-2.12824278842
-0.94472729759
-0.935214092446
0.777019513736
0.215097478223
-0.738751011696
-0.95222096448
1.93887642807
4.87459361154
0.704273953487
0.888592027066
-1.55798273756
-1.1440335781
0.138168141023
2.85231762042
1.67176896452
-1.39159098347
0.132887383422
-1.12627404121
0.445161627078
-0.292005163893
1.14410111923
2.47676977353
1.60451084151
0.900602980948
0.174047109957
0.063983859323
-1.33082453209
0.547761017044
-0.0121482941938
0.764983599536
-0.737497013842
-2.8516027466
0.985645752805
-0.0600220294948
0.267002958169
1.73133233698
1.84204880522
1.24811941353
-1.31733043757
1.38960529596
-0.260938027452
2.94940077053
2.25758776541
0.0651106741996
-0.470384120807
-1.59994494441
-0.20548777874
3.79720973149
-0.641985966713
-1.01613061714
0.53759290415
0.698696627585
3.58094736064
-0.00212196839232
-2.64938865603
-2.22058630165
-1.37824304472
2.33786917397
0.440951443809
-0.316116969046
-0.639871719136
1.12087833982
0.246415629812
0.0998022131991
1.7452890826
0.41739076832
-0.313722618087
1.19790672898
-0.0600558584382
0.379890592824
-0.0114606350103
-1.57230919326
-0.225847932975
-0.822511629515
-1.30684142067
0.537648018931
0.390199208899
-0.797614408625
-2.03879018656
2.76648910526
0.0482080856599
0.0805051813114
-0.133134177207
2.24596354574
2.79694643354
0.10561065783
-0.0184045688776
1.22267850311
0.265609233793
0.965758106242
1.35890817442
1.85084640632
-0.273171718233
-1.14708668038
4.62043817311
0.290473059944
4.13095809297
0.368268045162
0.267354051185
2.60840853501
0.386510211415
0.851263200215
2.71744608263
1.39200879543
1.78720599536
-0.578585147788
-0.369128155095
3.52604381309
-2.2406504517
-0.448793593527
-1.04083075389
0.68433887072
1.2628065884
-0.334019698277
-0.0440634811889
-2.30326001708
1.30497826453
-0.10699797108
-2.5283158478
-1.39721017487
-0.758078029265
-2.04141951911
-1.11702716003
-1.26083125268
4.93573159826
2.24133073527
4.04678625157
-2.07185378025
-3.46502718302
-1.0103405801
-0.73313882358
-3.84937380352
0.440897931462
0.247007575283
0.838440158074
8.14300873926
-0.236790861674
0.395599159378
2.90117720799
2.18307955308
-3.9985268465
-0.217172802148
0.0487887562095
2.86623634003
1.54948011088
0.163001981006
0.0291649694715
2.70885644133
0.0944639081787
2.38336931495
6.25463368973
3.51539726617
-0.633402710283
1.24557820215
0.0952452513437
-0.0377997958166
0.538407393003
3.18759613086
-2.18008143545
3.02654411417
2.58929063109
0.129637735543
-1.33939415426
-0.794888192791
1.92957129736
1.38494685698
0.701258451314
-0.77738941144
0.448582280805
2.54779122033
0.42157577483
1.07197049084
0.179801886765
-0.584093429172
-1.08073485686
0.849940216056
3.12618889921
2.72552514625
0.377007241356
0.270860817567
2.11009128783
-0.755167710864
-0.277636546945
1.07428839479
1.0005043632
1.8252179868
2.13312639189
2.7479242535
4.62503092997
1.4559979686
0.842652467469
4.70169229121
2.73183603932
1.34352709644
3.60374106188
1.37477281226
1.55048253674
3.33048353175
2.66600808265
0.756384254094
-0.375883522879
-3.0350357277
-2.93815190058
2.42714790436
4.34337448014
2.02620624924
0.351844805405
-0.0898497187277
3.63531952128
4.47904050631
-1.07534802356
1.43352306069
1.80522607083
1.29251299453
1.53319341121
-0.591775588312
0.876626945331
-2.3028726736
0.702530917119
3.38813443014
3.38673583824
-0.805357241305
-1.71992999129
-1.48470104707
2.13964953607
-1.39530388517
0.111187321149
-0.817539636941
-1.47355583548
-2.13962135834
-2.40624649375
-0.574281727008
4.72206828639
2.75274416952
-4.76864931592
2.70469075966
-1.14192080784
-8.18556131853
2.27107835686
-2.1032456569
-1.18859651452
-3.97564792932
1.08162102086
-0.43983230928
-1.95802831959
0.296760813606
0.692950403381
1.19903531141
0.793811869422
1.63659325479
1.43535833255
0.141759590708
-0.55164527445
-1.21903753499
-3.7174647805
-3.2975852782
-3.21785724607
0.788104048881
-0.252510783632
-0.484627392309
2.37746011544
1.53965116044
-1.62207668494
-1.18936236691
0.596067801913
0.198676335698
-3.98283651956
-0.964922409575
-0.839856022277
-0.177218123682
-0.260316977604
-0.558922166784
-0.342667834909
0.0227326300704
-1.10245370576
1.51463182279
1.06537246364
0.542915461521
-1.28853935219
-1.64688968137
0.361698611602
-0.810949131612
-0.729891606335
