1.55522019154
-0.310227792328
-0.54996003315
-1.41051743375
-3.78533366586
-2.8157634402
-1.28784506662
-0.813305074944
-1.78579339258
-1.45894253916
-1.77698627036
-2.96366776291
-3.30430892717
-0.781919127689
-1.71881416634
2.91019350714
0.434818110036
-1.07034661902
-2.46479604116
-2.44092466352
-0.926216129648
0.685292979768
-1.09221409844
-2.45040056367
-1.46043930526
-1.22199975967
-2.05282740888
-1.274839236
-0.640131363881
-2.48383344604
-1.29227331908
-0.548796825065
1.31458611369
1.4150002612
0.794813363918
-0.649938814731
-0.680448623645
-0.870220525893
-1.3194416282
-0.326682152341
-0.787234270156
0.997373041142
0.926211642462
0.522943941477
0.16543467058
-0.442744374082
-0.864150258008
-2.81977529123
0.137857374284
0.823652019464
3.31262134865
0.731583985803
1.8639885957
-0.0311568899927
-0.0108061781906
0.694346838936
0.279275673104
3.06652342636
2.92623380569
2.25128231389
1.49060005524
1.21755116504
-1.35443007651
1.49329296113
0.200263983304
-1.92589323522
0.22716528682
0.0971826761062
1.90810985978
0.938682727293
-0.794417896683
-0.105885764424
-0.0942419619646
0.920595203079
0.737753004784
0.894649411527
0.720797245939
0.913952989546
1.65024719824
-0.580698109172
0.230254640779
0.330092465783
-0.961922934788
-0.147951918006
1.64905424073
-0.0961751686035
0.435376318198
-0.934345370657
-0.48133652854
0.0756256842238
0.660151658584
-0.752748036263
-0.656229556508
-0.522433847251
-0.600244368348
-1.57312376297
-0.210320000748
-2.43328361136
-1.74474077657
-0.357806983957
0.347673809201
0.244109474118
-0.818217311128
-0.0963374577569
-2.14468239638
-0.72679651975
-0.732203668214
0.285658445561
-0.736746057783
-0.417220095195
-1.37196279697
-1.60582459159
-0.453871904248
0.168972163872
0.0238780599321
2.91140259559
0.514538401274
-1.60634449461
-0.744196161402
-0.349160644634
-0.591338536818
-0.13317962244
-0.618655899111
-0.753397937278
-1.84878146513
-0.443878108964
0.425438004275
-0.309672534174
0.305937157826
-0.385949106854
-0.332548718205
0.663864302114
-0.375509974731
-0.345583526915
1.30762518857
0.874015532205
1.12133951521
-0.69706405245
-1.14439077991
-1.31942129683
-2.17242111301
-1.05664863773
0.918643477305
1.20648988799
0.788836594473
-0.758492933794
-0.864818362716
-0.514695902843
-0.435098753934
1.24557985577
0.747543103328
0.412702039955
1.15991531431
0.642449178496
0.920225199808
1.78651753826
-0.783764755752
1.47025798918
0.802702934245
-0.610820349954
1.3156577554
0.590664512474
0.774201988788
-1.58827614375
1.32005324596
-0.268244766497
0.0569658866796
0.717074744133
0.258197594686
-1.27718681572
-1.24549828542
0.527517386906
0.551221815538
-0.397550220441
-0.068252906675
-1.28219297288
-1.34506789976
-0.335335842398
-0.824322653032
-2.20107958656
-0.555248088462
0.531604759169
-0.692892362202
-0.293600033501
0.616262050864
-0.813767292804
-0.69381200345
0.233717380311
0.537712029793
1.32523373283
0.317161268569
0.872689577486
0.210244757093
-0.0111786248394
-0.195894848156
-1.73554280177
-0.324743708826
-1.27569738076
-0.396342687448
-0.289535714642
2.88494476603
0.372736791103
0.759995411504
-0.825646710502
-0.387332680138
1.11599961595
-1.592435676
1.22338031664
-0.608361914865
-0.249515429888
-1.23971341933
0.43434517174
0.321154156748
1.11548390257
1.30780686031
3.10461493563
0.187326412636
0.157093764204
2.68929551757
-0.213206737117
-0.511134900119
0.0627319223072
0.806915972617
1.54227248375
-0.199238626247
-0.706548500941
0.323730117657
1.08251195534
0.513917328907
-1.3766374642
-1.99503386332
0.528709889035
0.546073280719
-0.205336610701
0.807787065795
-1.19939022573
0.366615370135
-1.47785260301
-0.916639374767
-2.04910222484
-3.0251101118
-2.58500263773
-0.697377655289
-0.568922943686
0.901618404814
-0.184054821354
0.0842369210667
1.54015266014
1.03650616686
2.0367187551
-1.5713307913
0.0174387324792
-0.121329737949
0.447639068282
0.0617503227642
1.58651145902
0.909794494413
-0.00915808855534
-0.575587558815
-0.354158410449
-0.772588888891
1.20330220406
0.593643432082
-1.95511732039
-0.387791836605
0.403842984238
-0.272263644857
0.579881096283
-0.999885346227
-1.2569605833
-0.627809109183
0.279756941748
1.02281431836
1.16879708209
-0.843345455114
-0.228990340307
-0.677823773872
-0.231449160333
-0.730011404316
-1.98173017354
0.645101524882
-1.05660781174
0.990759870832
0.781877604439
-0.757349404322
-2.29290060901
-0.506464019337
-0.00796674339766
0.569410802541
-0.584772192218
-0.387184897051
-0.454601622694
-0.380361785409
-0.976803575173
-0.626584513781
-3.16611723509
-0.00521483893501
-0.420348790568
-0.47470183647
0.698500902231
0.609864731221
1.00103079601
0.255643196232
-1.67869104459
-0.483753876164
1.10698912305
0.340903833164
0.320282779559
0.380870074244
-0.152699415115
0.188308318322
-1.06996271025
-1.41571026297
1.92858028049
0.118987171606
2.01474277098
0.965407828318
1.39648987542
1.11850872373
1.36993223452
-0.827598803837
-0.462945510832
0.973134981976
2.24600922357
-1.59212305242
-0.271448132412
-1.00964976553
-0.796474482855
-1.21714659798
-1.79182548322
-1.79505239143
-0.209100624598
0.822536693054
-1.22348012845
-1.6158077381
-1.81905911534
-1.43494134321
-1.77024930154
0.145833752163
-0.538216260497
-1.8938805305
-2.23200713498
-2.41046367771
-1.80697073408
-1.45789422178
-1.35248813236
0.271264630747
-1.71848515728
-1.42055323377
-2.02289490489
-4.24639408871
-2.36928216972
-1.08075340446
-2.18757896071
-2.05427860915
-0.931989658013
-0.387619523974
-0.849433206313
-3.08777162564
-4.00813726165
-1.60851319986
0.715560262958
-1.40626146036
-2.80810184136
-0.738930078253
0.693728764963
-1.09405789097
-0.534907486817
-0.444647985082
0.174125314463
-2.26823500994
-1.5484858117
-0.616282520876
0.682289246664
0.632026901486
-0.035386086092
-0.0330501825107
1.24967296
1.1047210966
-2.04639664152
1.12748417208
-0.686796267274
-0.0725997271938
-0.0276969843265
0.808062796362
-2.18420889655
0.37005364513
1.04502018115
1.67762181224
0.633174016305
1.21259642601
-0.31638222711
-1.51329900695
0.376155075222
-0.428079947566
-1.69350612956
0.150607012564
-0.835238648486
-0.377859496476
-0.128828105756
0.0975368467131
-0.044890625989
-0.0279646521351
0.00699786036032
-0.195190292457
0.678390129173
-1.38131986574
-1.12479815568
1.20147264786
-0.549355531435
-1.41919377555
-1.60007472489
-0.192327344662
1.62212006997
0.84698306013
1.67879183545
1.93846651943
-0.37573906169
0.256952249733
-1.42552426922
-1.05627545278
-1.43177362369
-0.476904384971
0.475172913073
-1.42359886927
-2.95006329889
-1.30226453955
0.48365912552
-0.243639744473
-0.743439424522
-1.44504088704
-2.93361698107
2.3560431809
-0.535512510214
-1.29945217399
-3.00581567396
0.164314485477
1.0786435765
0.0593407987261
0.385261229745
-0.045381276921
1.46335782838
0.893412164871
-1.37154930405
-0.520325981663
-0.541170070765
1.72476060156
2.4066851423
-1.91002572661
-2.6524040212
-3.48095307391
-2.40457803221
-0.808278965474
-2.21609614744
-2.65142049295
-1.08822383192
-1.21679427918
-2.27136696255
-3.73962021957
-3.41776694393
-0.416182162312
-0.919037485604
-2.51221813652
-2.6521265251
-1.61695281459
-0.766984988211
0.0474168973955
-1.22127134155
0.17304124733
-0.313114823728
-2.29297291519
-1.94931561772
-1.11214267484
-0.384340246919
-0.324904648897
-1.51346991194
-0.745351756491
0.658511514552
0.087474564726
-4.06470018338
0.176588193084
0.51736740512
0.148015164902
0.130083725957
0.658706888498
0.499703064827
-0.253451890258
0.940844854711
0.270646350109
1.35042621581
-0.588263187664
-0.989027528069
-0.329808126627
-2.0628199122
-0.0169130823112
-0.580713930903
-0.973001738079
0.0551445887903
-1.29139482694
0.542014357325
-1.49950380206
-1.91719851838
0.801641702977
-1.5092076692
-1.36988550113
-1.09417880182
-1.43978022349
-2.54297037437
0.805588967334
0.338787731305
-0.102778703824
-2.70766403432
-2.43013563825
-0.550848345342
-1.39635456552
1.09683129576
0.256906957507
-1.99075343022
-2.40323038457
-1.44397374082
1.03680115149
2.48744893372
0.41092257813
-0.360754438406
0.962825192551
0.639849334904
1.92397986239
1.89629672706
2.99161016221
2.01118879322
-0.0704996795529
0.606774457031
1.42131069249
1.91990436102
-0.615774722669
0.0289283003163
0.666746290159
0.682601100462
-1.65664413114
-3.7301769953
2.18286977501
2.72137949783
1.03725779715
1.61855284315
1.93956637201
0.663288167158
0.525447485444
0.613264759903
2.02698266963
0.476125872794
-0.405652048468
-0.295994008683
0.983206563656
0.585893539701
-0.227738236347
2.21561703406
1.44898792517
1.58602206676
1.1541207019
2.10758776755
0.350532317393
0.455299917969
0.145568706185
-3.96055011423
-2.02094215141
-1.2673546974
0.647495297634
-0.750096934313
0.482042647818
-0.0956243201872
-1.14859830929
0.0584716702311
-0.543893064133
-0.00445135843591
0.0500059290934
-0.599425115394
-1.10511505822
0.571924543064
-0.224118799953
-2.02329157437
0.446292009539
1.21326172352
1.0332695199
-0.429184615642
0.326229375832
-1.08670662157
0.712529089149
1.19221546145
-0.407928429794
0.891300096519
-0.380782363107
0.141556721489
-1.32542694809
-1.30129132685
0.127195426951
-0.0832794866254
-1.83296654849
-0.738337924676
-1.12234677496
-0.0647841370134
-0.488095229066
-1.37640827555
-0.266294153475
-0.347754992901
-1.21018558717
-1.72363834069
-1.20028264413
0.484086276066
1.36582516611
0.563768318709
0.310564228318
-0.0388376565744
-1.09971042981
-2.05716953467
0.508224619045
3.33971005928
0.363210599105
-1.93659897562
-0.950726296587
-0.951765588576
0.947757263159
2.80298597828
0.818036758683
-0.354857851113
1.96642457524
-0.711755648676
1.14838229659
1.54176713438
1.3354392704
1.09495620713
1.46404239316
1.61302106892
-0.0768203381295
-1.17064126961
-0.513625004135
-0.173521867503
-0.975470408714
-2.26367173713
-2.00005425603
-1.53492057235
0.98909277741
1.78554029733
1.12799638919
0.314941513968
-2.15798228749
0.459796237834
-0.413058619907
0.904390495058
2.69389133289
2.05967789004
-0.120172191744
0.362008784169
-0.421263213204
-0.246328559305
-0.335566625551
0.673045161651
1.56181909569
0.823140433363
0.635727454581
1.14390910483
2.18832733167
-0.946541283559
0.355587794159
-1.06056683792
-2.16519347921
-0.145899232684
0.0184943113939
-0.542089705727
1.03563436152
2.01213867366
0.240072424309
2.28139300724
-0.319524606684
0.672508381661
1.3479077852
0.751504571751
-0.039146419424
2.8317808843
2.382399307
0.219851776448
0.721618859405
-0.322042266632
-0.981038120436
-0.110164815652
0.518899265277
-1.60694477438
0.169739084036
0.694753946905
0.321642483935
1.05527694061
0.0198584041001
-0.787660048513
-0.780895621642
0.123408722028
0.544463085811
-1.42736779595
-1.82435107393
-2.30744096226
-1.44469985344
-0.887826483142
1.25641805839
-0.467235689748
-0.511421004791
0.215613562583
-0.365236226817
-1.31582328884
1.14578797956
1.26012975426
3.59258627711
1.87446200281
-0.570747101422
-0.282753052086
0.0491387236499
-0.686010402798
-0.330350351127
3.24432843747
-1.75721648298
-1.27319204106
-0.639040898277
-0.25207727399
1.40244352133
1.08940874844
0.528352758895
0.020491319386
2.46885118988
-0.0482702819714
-0.419738483607
-0.101921961941
2.67811551019
0.0786125770331
1.04028512565
2.70008551666
-3.39047304384
-4.27333761719
-1.94048627924
-0.444647604876
1.37385044276
1.85588669747
0.249450067462
0.568200102693
-0.709788847254
3.27596525214
2.17276353295
0.0361329657784
-1.59650941425
0.568110852913
1.95252586352
2.14505397931
4.83174116262
2.03253585898
0.948760691557
1.96761947878
1.60456968331
3.28840899436
1.31803602157
1.62104821724
1.2322691383
1.98733255748
3.70667674898
5.99555638391
4.18283781103
2.26000675383
2.31523732817
2.35256709992
-0.453242848487
3.22614026884
4.48321611076
0.409717133342
-0.2529815129
0.889523270062
1.32938969152
1.78073748205
-1.09583456616
-0.191031021904
-0.234325143333
1.00591552453
0.624707821587
2.63541552739
0.240300128125
-0.734702707023
0.608198212439
1.86605802615
-0.107072714089
0.82132867539
1.42575337905
-0.372150475902
1.60821997574
1.84709556543
2.56255127043
0.412520275442
0.609146990432
-1.22958469669
-0.914525526971
-0.543449350127
0.856954189516
-3.18843574035
-0.0730166031774
-0.163351999897
-1.34124687261
0.687813954387
0.710694139933
3.30552967372
1.95793654763
2.39623830301
-2.10760868688
-1.0704298135
1.94249051814
2.15553714025
2.55038277447
0.694716306262
0.487262731737
-3.54030481371
0.805061065112
-3.94289371841
-1.12796328453
-0.148859762637
3.13815979127
-0.640531896599
-2.50618317722
-0.83877522448
1.60244830238
2.43770787542
1.07961190022
0.423624676027
-1.77798948393
-1.21721203281
1.87951045648
2.27378822578
3.2952739053
1.68392885079
-0.95082349889
4.65850832578
-1.24086511038
1.31205671968
-0.482556919533
-1.65333723859
0.858594611837
4.67747207942
-0.531114954203
-1.83526925532
-2.02367451281
2.54416456022
2.86110967451
-2.21775707487
-4.23596342502
-1.68583963875
0.233835884283
0.981378335316
0.460746062104
0.919569791099
2.02481906269
1.47140713442
0.0766105995477
-0.329293034606
0.749828024058
1.92660744871
2.65514236125
0.930004595988
2.55785984092
0.78712484498
4.02805550073
1.34592108645
3.28744407239
0.689641555935
2.11650713116
3.42828225438
-1.64697919815
-2.4997348006
1.40908572206
3.64554099979
-0.213261494672
2.64660837745
-0.0621864937016
0.982455679994
1.69457909192
-0.139348493945
0.545597818845
2.39183563018
0.647967633782
2.10192863284
1.46570774942
-1.74089666192
0.585562602809
0.564283546039
-2.8551955327
-3.58842372684
-1.21126336425
1.93784537884
-0.0478156217695
0.744097693621
0.630019042546
-1.47016712989
-0.77934791728
-0.631181193752
0.67850207672
-0.461062268521
0.036263298702
1.2007820548
1.02679007809
-0.0810897239659
-0.265799213853
-1.60105084739
1.17480367845
0.889267754891
-2.39020086224
3.73556129822
0.938080197263
1.93022845769
1.97540966265
1.16085356956
3.16912301753
-1.32324652249
1.1587050442
-0.750383327436
2.65617874409
1.11630306139
4.29598458588
1.54051764708
1.27542604284
1.90729828312
2.06989296537
-0.017959284807
2.34085172667
1.35577240559
-0.544267476416
3.2994607319
1.36746274581
2.20607386195
3.03252040244
-0.0610889811403
2.48443433477
-0.932947534855
2.22809456772
3.57808535529
0.370091610631
2.85784788458
1.09304986518
1.46077462334
2.49831127761
4.65708105999
-1.60714227173
2.1872699626
2.36673032522
0.755850983674
-3.72845869433
-0.162494365262
1.43577023419
-2.77132030959
1.44385302987
2.25813995987
2.90369165107
0.332564404598
-4.38155606774
3.75924758592
-0.383106935089
-1.66576721573
1.37298067763
-0.0576926672248
1.33194784833
0.352692832369
2.86185293344
-0.735070998373
4.27774907416
0.204214701637
-1.44543795435
2.84649613103
0.0105656027807
-1.70892672012
-1.07155802793
1.35382543725
-1.80654457632
1.01898040113
-0.693385176272
-0.538463877927
-0.173089587254
-1.16724227341
1.61179575841
0.861006576362
-0.972241284043
2.35972264308
-0.409708631243
-1.87265855121
-2.43042172048
-2.9658435455
-2.46569357095
-2.95912051617
-2.68718941318
-0.691741248326
2.71799855227
1.17050509329
0.714150304341
-0.258606093278
-0.863999347357
-0.951659904646
0.403415478871
-0.32241594903
-0.452935152278
-1.46506407936
-2.86148688865
-1.17105271468
