2.40863524281
1.82515718478
-0.638313374095
-0.125738534015
-1.03667735627
-1.98972816245
-2.46523754336
-2.25088678934
-2.46327049682
-2.26211692663
-1.10999459096
-1.78566207423
-0.459829295124
0.706342570056
2.25358668781
1.82130424
0.679947472019
0.651739244645
0.103075971318
-0.97042205598
0.636192482436
0.804385652211
0.776536203267
0.974657317335
-1.28986801725
-1.42673297984
-1.00813127324
-2.73307102136
-1.41218739472
-0.808095541583
-0.0932049856911
-1.94508882226
1.19065123717
2.18184456796
1.47582757057
2.35261576575
0.289397678385
0.00165945348119
-0.864404617787
-1.23173163454
-1.22418739464
-1.29240415327
-1.07981030107
0.166108230152
-1.67377503742
-0.539983140796
-0.445846567134
-2.50625809766
-3.52189369828
-0.917376319336
-0.892585782208
-1.84133807933
-2.99526012718
-1.50035716934
-0.522046429778
-0.984693598574
-1.91410625825
0.337178702624
0.504353060998
0.134617894788
0.999875817894
-0.653773391888
-0.568994712114
0.650033693678
-2.74905939508
-2.163839971
-0.423991237379
-2.52319002046
-3.71901462886
-1.31699106483
0.160368656297
-0.661779361831
0.638630453416
-0.0713545161333
-0.627726616876
-1.39561463318
-2.07944164565
-0.972788849005
-2.36817055209
-3.33141354715
-0.960670239383
-0.56663038062
-0.980792208749
-4.01255480034
-0.330978822971
1.96378606599
0.746632475817
-0.127740691547
0.587272066578
0.0470856078656
2.18767558935
0.795530910509
-0.888004253344
-1.51735091665
0.729685433413
0.478798386629
-0.268411879791
-0.0879137853555
-0.559012477078
-1.04642051047
-0.465988409641
0.4085035394
0.121050165919
-0.801606573115
0.350742044369
-2.84704298395
-0.46421011066
-0.8370936269
-0.261834931772
-0.0473387525116
-0.462443047017
-1.87070584553
-1.43399885956
1.85541668354
0.80398540343
-0.143985696825
-0.634645508569
-0.362524062086
0.695168580455
0.409429329326
-0.606064290761
0.35020918871
1.61627347844
1.91812775927
-0.408320562241
-0.278511409723
-1.92025262757
-1.38423990101
-1.96230330755
0.0603894769792
-0.942513767718
-1.94485367031
1.51527322106
1.27481872673
1.60459493259
0.3208112358
0.161582252144
0.419308522465
-0.37775387827
0.779031253038
-0.549358275041
-1.83813367138
-0.43795312215
-1.56918929362
-1.4631471632
-0.650676498597
-1.0276195569
0.851033740186
-1.46482657483
-0.640968564478
-0.0162262699397
-1.97049470176
-1.1203076995
-0.874653822117
-0.918093105386
-1.60711265189
-2.49990191905
-0.210934543482
-0.318483541078
-0.357786591167
-1.21181908901
0.050653748674
-0.236685635021
-1.02369882777
-1.73432293742
-1.01003731744
-1.0663321625
-1.01377725482
-2.53752232517
-1.66293027933
-2.62311359769
-1.45652047533
-0.0144117013202
-1.26296986877
-0.804387913853
-1.61554440049
-2.00128734894
-1.01428292039
-3.10272979688
-2.0671660537
-0.136710553311
-1.26023300624
0.18398054606
-1.83031133425
-0.669524435953
1.46299861711
0.154991837084
0.973741328324
-0.691254052263
1.60545128065
0.522110804306
0.326529192084
-0.681984523031
-0.0921492975975
1.27512223601
0.112059527402
0.0332774148205
-1.84887883767
-0.430657660325
-0.683615784864
-0.665509732115
0.9956108126
-0.504888993394
0.156656872973
1.40229359679
-0.700644728464
-0.798910062375
-0.866762932369
-1.50093260084
0.238674177794
-0.0417899062745
0.0356759730887
1.62239117949
1.89419814242
1.77844637758
1.23597926725
0.808513197454
2.22433022417
3.25426023454
3.15189343929
0.974927593785
1.77627378516
0.299921988206
1.9713486253
0.0663694818835
0.568576093832
1.16350535618
0.843497105742
1.0255887087
-0.808701676453
-0.676600567807
0.629867793989
-0.0469238722702
0.766299167271
0.354941753453
0.689015841686
0.0608615946252
1.37892589503
0.204743744608
0.663677203642
0.834747864511
0.240467732482
0.948719195992
-1.16846618846
0.0638963065725
-0.812616111851
-1.54430488177
1.2143541202
1.45528601847
0.0175596600816
-0.934131655373
-1.04168984258
1.24739299987
1.41450379268
0.899419138613
0.680956390602
0.186470021374
0.0995498844062
-0.132682649784
-1.02516869382
-0.0734237440348
-0.77671124448
0.143028018738
-2.15024114939
-1.43557059231
-2.28554992101
0.770476177584
-1.40566290758
-2.97097759679
-2.31645056805
-0.798632432618
0.158246304437
-0.506929332343
0.329649879648
-0.771365531012
0.055986267501
-0.540400766345
-0.516898448585
-1.96254353819
-2.36912265953
-1.19590728245
-0.877974391375
-0.00155628120177
0.0819844633169
-1.2892782954
0.321843510718
0.829149216972
1.35849540022
1.02978155429
0.98288263854
1.14870567554
-0.198893546693
-0.531005683932
-0.367957803912
0.56794442642
-0.906795873089
-0.890895167057
-0.562375476532
-1.01806728852
-0.240485390211
0.304208558851
0.80470461574
-0.134110991204
1.22574942877
1.4150694656
1.46358939283
-0.521238282758
-1.29995870735
-1.45787465212
-0.833094636722
-0.0186633433377
-1.99625016914
0.337303496276
1.59519981933
1.56815239195
0.393696391992
0.338549400367
1.06508299849
2.6320847195
0.939078469758
1.01554585274
1.81278920924
2.12544757849
3.42212081957
1.29276745947
0.14331557338
0.0689757523247
1.29595384715
-0.231911744727
-0.20931452229
0.789482397499
-0.0327965227804
0.347112613803
0.516363283611
0.823047520035
-0.0389646899689
-0.36243002683
-0.438420271197
-1.10719486369
-0.921947968528
1.82740031504
1.08514631165
0.295597165304
1.51068512539
-0.329892408308
-1.24103313877
-0.632243150653
0.993704283737
-1.07733212739
-1.40840447175
-2.77657000501
-1.35129469977
1.39397032369
0.790396963943
0.715787451765
0.886864882186
1.17063200681
1.14660053681
0.048064608477
-1.45711721122
-1.46848564847
-1.26641592243
-0.497556929125
-0.229280369083
-0.996423197303
0.96095011075
-0.615742918988
0.0353144759488
0.0980988137041
0.760359536918
-0.405702569379
0.108787941916
-1.2972530751
-0.137489939838
0.507510000286
0.459067723889
-0.0813367782972
-2.089680385
-1.10954874914
-3.41069195988
-0.975414186509
-1.4930733833
-0.129329278892
-1.72863330817
0.204766603314
1.41489366173
1.5292241054
1.66154471729
0.705161260022
-0.171898944726
0.764624827359
-1.11828018595
-0.215070630079
-0.941896640754
0.922314768866
-1.08691261792
0.0623840162524
-0.481594711575
-0.893615886295
0.0846797917033
-0.74766079851
-1.18613259114
1.02233725674
1.48410338992
2.86967968529
0.962288329842
0.466715123684
0.129398965051
-0.986040364013
-0.721009037021
-0.539311030852
-2.02573903069
-2.39978582228
-0.314771138635
1.48314662386
0.853382162986
-1.77231594639
-0.317810634418
-1.01130276112
-1.6910071708
-1.3430620403
0.575639395034
1.21652585117
1.73334742101
-0.147446317632
0.359655334349
-1.16327742474
0.104418534578
-0.0039225662047
-0.141303646261
1.13573437732
1.19502446606
2.85894698054
0.220613087288
2.64876892042
-0.512963962906
-0.0633740056942
1.55932929975
0.445615787548
-0.199302605989
1.69394317213
1.84376843429
1.32965129801
1.354513417
1.31006371689
1.56589768053
1.28894532818
-0.100708120936
-0.603010875261
-1.62904626712
-2.62358046515
-2.00613953057
-0.693379050611
-2.63743477448
-3.41602024707
-3.46050004252
-0.604972449213
0.236957172147
-1.2954369106
-0.669721501523
-1.54344425696
-0.74923121744
-0.253527216821
-1.82799567759
1.51241479313
-0.160815176218
0.461979101601
0.789144810519
2.09576637783
0.634019520867
0.568890085597
-0.690684644174
-1.86157993774
-1.02283729962
-1.43520741473
-0.123579032896
0.747548074297
-0.980251881483
-1.78784598926
-2.48112307309
-2.09218208307
-1.43836856765
-1.71967520419
-2.73833499795
-0.462978835023
0.400766543191
0.43755337666
0.0347200326043
0.768123933849
0.364432782657
1.00288382913
0.122575723838
-0.873524056042
0.532762692468
-0.327656972879
0.73730147124
0.130163282113
-2.01847017632
-0.351543532847
0.681623623689
-0.482436893702
-1.69150885128
0.0103616945918
-0.675788729576
0.542611045865
-0.927736646326
-0.712233747516
1.06170680145
-0.956926231842
0.0822983361955
1.2914951116
-2.07851903695
-2.198428683
-0.270974412926
0.553331590935
-0.0172119753694
-2.22470177894
-1.64578004107
-1.89687771028
-2.08979021062
-1.00344553151
1.71129251201
1.39275078616
1.24817464382
-1.15281468824
0.423736092946
0.372123828259
-0.00300528629417
1.45765244087
2.38697771225
3.45902473423
0.678609751686
0.646866722528
-0.443416827707
-1.05317899925
-0.590808737199
0.528116060593
0.287130513317
0.266825493229
-0.451103483913
0.477369097266
-0.732087338258
-0.484432238301
2.08365376554
1.71935895159
3.06742820081
1.59082773793
0.423897850302
0.54432251141
0.00657115611019
-0.13614553695
-0.00808592965412
0.44282231213
0.115978511523
0.551252854078
-1.84588570986
0.451399530746
1.17378314744
-0.233232568757
1.44203946733
0.602521460646
0.550516510555
-0.240349108185
-1.37396071783
0.570756048275
-0.538919116994
-1.88552087554
-1.35187684437
-0.938109243434
-1.52597620882
-1.43208023398
-2.40031965961
-0.406003688264
-0.10803221405
-0.998286645611
-1.76214479665
-2.12665690982
-1.76969890257
-0.72608007185
-0.472506687175
-1.17551627241
-0.645743951229
-0.868099514756
-1.8055419927
-1.92892221683
0.394892536556
0.765856507021
-0.879838274577
0.346370366384
0.100367881867
0.412769582692
-1.02081279326
-1.73175886849
-0.809471790231
-1.11885177208
-0.340856318618
-0.668036353321
-2.84250407308
-2.18655497941
0.458223148488
-0.367570875172
-2.11524165635
-1.15544891904
0.669180800152
2.28741518178
-0.694078166403
-0.694663137954
1.72214766941
-1.6119213653
1.08765475458
0.134983684921
-0.674828521325
-1.61725749131
-0.684215384691
0.977979694692
-0.0734771056584
-2.22301903898
-0.583471819432
-1.40065181985
-0.266856188289
-1.52972076055
0.573057425046
-1.47383794415
-0.830575701049
0.528043573237
-0.493618532555
-2.14805018337
-1.7014215241
-0.582842192723
0.150832785283
0.525892033094
-1.51235314542
-1.3592913728
-0.416087363141
0.83197876337
1.6662387541
0.95118740476
0.206065810046
-0.292964852634
-0.608196951641
-0.65118904728
-1.84189397386
-1.93250868294
-1.48839763199
0.0912869099431
1.06856152113
-0.0219425198126
-0.800227494477
-2.62894020547
-1.19787186134
-7.2066134699e-05
0.146234595434
1.05079692642
1.34276365839
0.872078235067
0.887583394299
0.244320501513
-2.98609608991
-2.34738463976
-1.21612350849
-1.64887980849
-2.35647954005
-3.64442242552
-3.00193522686
-0.682852010412
-2.48315657873
-1.70551752392
-2.57604036369
-1.30910876441
-0.478111487089
-0.605829620679
-2.53731159284
-0.0968201004376
0.0741698852809
0.715234899731
-1.73524160251
-0.955240094994
-1.74454045182
0.0947893180966
-1.63002909487
-0.270817083995
-0.695046011737
-0.0918913385915
-2.94738628001
-1.3979536665
0.089078768559
0.0788728199739
-1.90190409122
-2.50739319194
-1.45457828048
0.687625090621
-1.03833220754
-1.37308877203
-0.835687160098
-0.629225355315
-1.70284498804
-2.68683300667
-3.67128690724
-3.89833965501
-1.43390947709
-1.07650034625
-2.04759173509
-2.18317051226
1.20365807068
1.18288098322
-0.207040692506
-1.10454653529
2.19212560705
1.59137874179
1.46938763524
0.771883980956
-0.203787037293
-0.105136305956
-0.163519440532
-0.247504525239
-0.931459849384
-0.486614473921
-1.35973765616
1.64631640666
1.43614198505
0.0180960997058
1.9115380295
1.78708918403
2.30698020456
3.8690695576
2.25873295761
0.5847711628
-0.70523515149
-0.00132541883389
1.03024345493
3.587352477
2.16055232872
-1.38065129388
-0.699303244746
0.477624631249
2.81363839903
2.85240769791
2.54412633647
1.86985232706
-0.13408920321
2.25462445816
2.72578343573
0.125963375809
0.0380510681579
-0.552572367459
1.69065702138
1.69042399652
1.05684865376
-1.29114496099
1.31897918813
1.19572168335
-1.56196609525
-2.0152600186
1.74692066984
2.16012792333
0.816573705175
4.0381201627
1.84755205054
2.53664715977
3.00888996842
-0.730512628678
-4.51715284336
-4.73138754618
-2.86791567638
0.672993329553
-0.403094029481
-0.706136902394
0.448762106493
0.368246339207
0.889116223229
-0.489663217932
-1.57223530903
-0.945739952288
2.11877683022
2.34891934057
2.03065249371
3.66168389676
2.39499390546
1.30242739268
-0.854954983965
2.64986517152
1.86154648544
0.529567392157
-1.31123689877
-0.192868866013
2.30970476239
0.148234583881
-1.24177750697
-2.86914049526
-1.99687139499
0.678237252221
0.589482731176
-0.475297151374
-0.789812414209
-0.488334313035
0.819366270259
-2.24392864052
-3.00602940997
-2.17272664753
-1.50063970522
2.62476939375
0.847671728041
0.623123175078
2.8451814538
2.57601925793
-1.09048044145
-0.171328869965
3.71068074381
2.28403299638
0.0169276824274
-0.200355974307
-0.871755793676
-0.273036031991
-1.39521967517
1.76525748474
-1.61594491448
1.06809149317
-0.732802526765
0.834794980385
3.07364501667
-0.0492578199485
4.29891716936
2.28689509119
3.37544731194
0.166189031014
-1.65965873706
-1.12710914099
1.38311640772
3.36201988903
-0.998316538003
0.442982407661
1.79658096917
-1.95150084042
1.35054291659
3.7936258317
0.803371832836
1.65470632376
-1.84528549391
-1.42770835475
-1.50445245233
-0.452693925126
-1.745515511
-2.40821200682
1.62611489859
2.88892078313
0.797406870095
-2.02633118204
-1.37406208211
1.57594768975
-0.496417612641
2.40568918858
3.13380227643
3.67770762877
7.93366462083
3.3919142694
5.04101277718
2.75567361638
-2.60884653435
1.97797890943
-1.62252207874
-1.65615400359
1.64901807198
-1.36075060321
-1.12736868502
3.72497470578
1.16121735545
-1.37930268416
2.86904341313
-0.149753419721
2.58958011105
-3.66964557586
-2.14184676191
0.417845720407
3.11115379672
1.88154363675
0.910551804843
1.615450686
1.64810885986
-1.93437921619
1.41302733368
0.440317062907
-0.844767104736
-1.55267762868
-1.02919698305
0.121938204908
-0.236573121059
-0.61132883366
-0.477241555585
-0.269142302446
-0.545615630641
0.567654870731
0.00457937864254
-0.731585555232
-1.50651471385
1.04887776966
-0.0138338880543
-1.766834233
-1.7548315014
-0.734141399979
-1.25791735432
3.34946718693
-0.245595296773
0.506624002561
2.24515332879
1.89441933165
3.00228428578
1.27835792758
0.691203261629
1.66084240633
0.969062724263
0.827332957775
-0.357137552458
-0.273870851709
-1.00837250351
1.65579991718
-2.93940075802
3.08431704955
1.47591410077
1.02372329246
0.542718782496
1.26737358236
2.30951400247
2.04865765143
1.56737823794
0.253698517407
4.34059317763
5.2929173946
3.31832481614
2.7889612063
-2.10726350329
1.05261501322
-0.386989680676
-4.21759263271
-0.26795679245
-2.13498596875
1.70017403274
0.787353356166
1.11491353194
1.58146844293
-1.67605294921
-0.593766106552
1.53673847076
-2.78104602797
0.819706412877
1.59263784361
-1.91869950064
-3.08710893141
-1.58391069585
0.702141950255
-1.54889635267
3.086897027
-0.48125583028
-0.548743093773
1.61010805768
-4.37032102231
-1.23485633531
0.866150276169
-0.702069597034
-5.37301979891
-1.10751262146
-0.211443056416
0.43331037735
2.89724536826
1.52678848831
1.03033571538
2.79254622792
2.1256284185
4.31813584384
-0.280793832447
1.5958190342
-3.61320839394
1.96833575496
0.736855591865
-2.03737227493
-0.981393163852
-1.48792618138
-1.31921742228
-1.95856921894
-3.35147788726
3.26801180145
-0.793368135437
-1.73785232731
-2.32005235789
-3.53015715906
-1.75611274762
-3.06309813525
0.127764280271
-1.29191813625
0.594719217373
-1.59831454459
-1.6195936758
-1.61185080524
-1.5843992872
-1.38988940672
0.818075151766
0.962482856943
1.44646170592
1.16009908995
0.448635259884
0.938629575231
