2.34051579186
2.06738778351
1.61849340054
0.755547762417
-0.0829026765555
-0.911443538003
1.89238934405
2.16057217561
1.07127589072
1.677812727
1.09839098409
-0.192765916474
1.0888578871
1.70913104504
0.449207408215
2.54597342439
1.25219767291
2.7804009359
0.0738050492028
-0.880094995239
0.128168000041
2.11944747833
0.671775162831
-0.797197697599
-2.18565525172
-1.53917582318
-1.55558196639
-1.34280068955
-1.47645472924
-3.92002542307
-2.93970157226
-4.58790134446
-0.34534709546
-0.363535484303
0.540196779238
0.955618465266
0.470426136295
1.70356362986
0.355828811032
1.93727989983
1.60601983132
2.59704394851
1.74312541336
3.42005855181
3.063538991
2.87199895365
3.48854914836
2.71105868951
2.72232828578
2.46518645543
1.48043265459
1.25771584036
2.46229659999
-0.048760631399
1.29024765805
2.77540406244
0.86594364838
2.97181487492
2.23648637798
1.65946005605
1.13028373652
-0.0101762022095
-0.690510077643
-2.32689315812
1.25394723302
0.827225363317
3.61525446043
1.23107223683
2.30968319741
0.769706637805
-0.853713742646
0.383486543122
1.56783377013
1.33788636982
0.799584100962
1.10907547986
0.354360138521
0.582901809213
1.49497846219
3.01075951496
-0.473911525858
0.113074807492
-0.730645846753
1.04889172024
1.03389381399
-0.24092528795
0.365099300592
-1.00190727451
-1.51053526408
-1.58830640838
-0.15962531612
-0.550416618413
0.503718969995
0.83773418672
0.983389670241
-0.214329450752
-1.07370352086
-1.2856202895
-1.63661586257
-1.66162318591
0.657671273843
0.789917466156
0.138505890348
0.472457681802
-1.78425715917
-0.268627612416
0.658393881459
-0.713809083657
-1.58750175183
-1.20498373121
-1.0270697212
-1.11987447219
-0.683231435256
0.992142444676
0.898082824803
2.40333714579
1.1559466983
-0.152068239581
-0.0270858809355
-1.50171247808
0.212177872394
1.64685804497
0.443642036022
-0.610569364641
-1.05523750303
-1.22917819349
-0.092779328136
-0.0329672356728
-0.589577699123
-0.58112834221
-1.18098413717
-0.754461168849
-2.67110710751
-2.09696650366
-1.7381660723
-1.17029224962
-0.762020482226
-2.1911556539
-1.04461706187
-1.80146874828
-1.13749724021
-0.395332130926
0.48459198211
0.11785064681
0.930688642936
1.91630188233
2.03646284322
0.332451602903
-0.381271401118
0.95492434817
-0.0721254207894
-0.663826874238
1.14344806656
-1.37207943115
0.659210976237
0.526395938081
-0.78735144997
-0.617512638047
0.350283800056
-0.762394840713
-0.119906596142
-0.62102071251
0.706062701973
0.0172971426319
0.889419150485
1.4678209112
0.994252902364
0.101678677964
1.15534967552
-0.335738464261
-1.04144560234
-0.400611860362
0.495919855758
-0.21826763921
0.740279609622
-0.15165333604
0.881576833086
0.436576958326
0.0636116669223
0.402256476512
0.370719648313
-0.416825541661
-2.42851262806
-0.657316549837
0.652620759061
-1.44643836409
0.502273505802
1.01580451903
-0.866915495397
-0.855868399737
0.194087085246
0.51683557642
-0.38539598476
0.298568963333
-1.04084922345
0.375235429866
-0.116147757978
-0.172408587812
-2.42645837778
-2.24378942849
-1.13394024413
1.59244753154
1.67322937881
-0.681329065576
-1.17204380308
0.379143630392
0.52291209192
1.07112913747
-1.06389730053
-0.382966799951
-0.267128748502
0.322050619417
0.70558510532
0.302743001806
-1.71690954783
0.692200396436
0.706045961558
-0.431876016632
-0.547903644275
-1.73017024774
-1.13115067425
1.00743185125
0.555527734421
1.00664634302
0.85077016157
0.533416240841
-0.22074240299
0.128542457888
1.29959173444
0.177626463874
-0.274133820683
1.3124596093
-0.826465253542
-2.61090735859
-0.41164021616
0.937413181677
0.637213796641
0.363225334612
0.364579017281
-0.0936077834874
0.685737310996
0.109258293281
-1.20391531325
-0.498204103229
0.406324097056
1.12158170008
0.576611584982
1.59021700981
-0.0340963401439
1.20051117508
0.28142472344
-0.123927472738
-0.543608305787
-0.54496009697
-0.198971911233
0.621820812566
-0.536758983241
0.277780322694
-0.334658269716
-1.67104738752
-1.66475135287
-0.0741579088018
-0.00643349030047
1.01643988864
0.34300636895
0.0594411488328
-0.797266887274
-0.426681584552
0.46696107085
0.165962870546
0.327410991901
-0.911771568982
-2.06481259411
-1.84197503729
-1.62634447718
-3.02222342892
-1.58851682234
0.367904545704
-0.832917077352
-1.46376131821
0.714016381423
1.33274653818
-2.21312968854
-0.460787280324
0.202256555068
-1.06124544959
0.444328767348
-0.66079617264
0.664379069039
0.53441058048
0.092704929909
0.375943406045
-0.35943004756
-0.140710981845
-1.01014982567
-1.09069642295
-1.46179296063
-1.91309086668
-1.69835146407
-1.65109374063
-0.439016950616
1.87693742705
0.425545591449
0.648674513725
-0.384075165119
-0.319021863502
0.407458944545
-0.843262712302
-1.45911655139
-0.615714998157
-0.355058015955
-0.791376310554
-0.620250145707
0.56432605913
-0.84807349593
0.000252562384787
1.02174934041
-0.23503666116
-1.06121259611
-0.837942912232
-0.241798195756
0.222185342499
1.11673402723
0.274262201726
0.765902605612
0.287510401942
0.996529655746
0.245243435659
0.124076685229
0.312290898161
1.06052006972
0.246648613911
-1.22088034966
-0.556041777971
-0.0256117263248
0.629727748183
0.873713702911
1.86670977709
1.45268760146
-0.0994515525619
1.37291970179
1.23138173497
-0.532920715772
-0.357885329247
-0.170055982186
-0.495164837019
0.928502005329
0.977461950346
-0.0762477644014
-0.357429054582
0.88658093296
-0.268608645306
-0.789612783899
-0.332931286508
1.110635589
1.16529507197
0.573018469171
1.38823188009
0.0356544159963
-1.15554992771
-0.846708322058
1.47871172544
0.932817060319
-0.313909137484
1.46081440684
0.0375592710666
-1.40887630022
-1.43051742935
-1.92397770767
0.217628383298
-1.63075063361
-2.14766410733
-2.25920355167
-2.20529477463
-2.47145158703
-3.17013596649
-3.00078271787
0.366218027944
-1.90206641263
-2.48431967588
1.03672749469
-0.634969029434
-0.799771315873
0.0243157253978
-0.0726682104883
-0.296207175811
0.963039737155
0.255560239908
0.0584084616805
-0.850849741255
1.80828582511
-0.593878380252
0.467807582135
-0.0258864703837
-1.24861550414
-1.83642706126
-1.84086068855
-0.255124552205
-0.960921422207
0.50619151588
0.462988608168
0.555448058298
-0.00851028368376
-0.0589258991582
-1.17323167598
0.742462321134
0.52435345935
1.12786086509
-0.0576762062908
0.521413551066
-1.18035602043
-0.855907640437
0.465743078712
0.41527747539
-0.80008675453
0.984589473646
0.487500390012
0.153393163009
0.186850429279
-1.13223872727
-0.216210769531
-1.18712241746
0.799905196714
1.76207016142
0.709195593379
1.15193406897
0.738627993876
0.182589055055
0.302858528493
0.139554608923
1.05732268664
1.32650844917
-1.13316421714
-0.336888081521
0.36919581692
0.620677541351
1.39588020498
2.33848183134
1.6889447458
1.28350685991
1.57200500693
-0.669866831207
-0.407972913526
1.0346900839
0.607850211963
-0.90336040829
1.50576408318
0.597212451321
1.40447623785
1.84491152502
0.29805609505
0.806561151746
1.04313414187
1.63667411673
2.15897973164
1.03600968375
0.880070513226
0.324214801477
1.54172856841
0.236299457563
0.0151980263422
0.0676553518853
-0.137578920203
0.124612886506
1.9816670962
1.13313009536
-1.01650982422
-2.08681482324
0.225300434072
-0.605640581862
-1.23540673335
-1.18356811619
-2.09705886167
-0.453776799573
-0.318435873586
-1.35589580752
-0.913146301215
-0.159300719924
-0.574305541325
-1.73696589261
0.956784287354
0.594167559247
-1.28386550592
-0.975899023712
0.130898738059
0.55723609842
-0.4909466811
-0.0322364920107
-0.911367649241
0.0304397024762
-0.153048105165
0.959785933811
-0.543993731971
-0.236658828247
-0.717692075297
-1.30932430718
-1.01578689258
0.106727158305
0.120096517566
-1.61531099239
-0.933717542525
0.353660845499
-2.00208657264
-0.810654399813
-2.61137168805
-0.531187495297
0.925480767862
0.407250276232
-1.48983168826
0.633241235665
-2.54209318226
-2.68752664067
0.982569047096
-0.761440488335
-1.17938357958
0.435083195839
0.0627292361586
0.860831261234
-0.150824666962
-2.04996472528
-3.19979113944
-0.806033349169
-0.131703273913
1.08633843718
0.265539761262
-0.0410175073777
-1.34962057339
-0.873223027462
-2.05974025501
-1.93097523972
-2.0457634522
-3.49274138932
-0.831367312831
-0.012953356436
-1.47162882992
-0.718915987218
-1.07127243678
-1.48701054897
-0.837896621254
-1.33519007728
-0.664131988846
-1.97797786912
-2.08561266932
-1.04936429048
-1.80916895277
-1.9946017852
-2.2015882127
-0.562710889986
-0.220944641468
0.785831539715
-1.27177016422
-0.970462651945
-2.23728560904
-1.47434771392
-0.5317698808
-0.530779282356
-0.251942564849
0.440417723758
-0.682280329512
-1.97952021507
-0.191433988706
-1.30939425888
-2.78945412973
-2.39000915077
1.6421379227
-0.062749090233
1.06637828417
-0.902709248693
-0.571683810264
-1.02069839443
-1.08458325954
-0.836335316707
0.776673584254
1.63994246105
0.858294568789
-2.34030427482
-2.51067390552
-2.01830431672
-1.10402859716
-1.08174015971
1.44431022469
0.105556695228
-0.315190094465
0.236414066232
-0.317443082586
0.344073806391
-0.16798423784
-0.639025617451
-0.0229905736476
-0.449709739645
0.330901357354
-0.0107863981974
0.496402059825
-0.636744292804
-0.430960945002
-0.909024562355
-0.568528481282
-1.08449360037
0.0243530035075
-0.1764525895
-0.854957384992
0.806205772284
-0.120373112231
-0.559403845032
0.634240059377
1.29602473055
1.45262551339
-0.980700416667
-0.542257997927
0.745234988355
-0.506941334906
-0.491834656074
-1.51000716358
-1.11259862988
-0.298712265817
2.39166809599
-0.619525617595
1.10648565192
-0.855079509331
-2.13666360306
-1.4737201824
1.4127174414
2.26796369771
0.951455001066
-0.898457666977
1.32302699464
0.135248876628
2.02431821382
0.833047872839
0.274252669375
-1.4246469472
-2.36366959322
-0.74056777853
0.202367710306
0.569170259635
0.930120559345
-0.689558879918
0.318796260513
-0.100704290088
-1.33367492206
0.0812750244493
-0.651671870594
0.585405927655
0.762301484398
0.451517820634
-0.780591619516
-0.626591234551
-1.48839149948
1.20153411015
1.1500750403
-0.769248199862
-0.295947885067
-1.12262238064
-1.46084366079
-0.510663835891
1.11422125771
0.978152722109
1.80715415853
0.573653759397
1.806215836
1.87097443197
0.837692070874
-0.254128214501
0.241223116127
1.01414278215
1.35441065822
-0.31654351259
0.417974118551
1.40151579739
-0.762047243866
-0.16688835061
1.75646739779
1.13633761813
0.398219441022
1.79177183746
-0.555794275535
-1.09135707244
-0.483115370989
0.497786542677
-0.444196119497
0.978639075828
-0.0523724718989
-1.85498775177
-1.37346475191
-0.417390637495
-0.0480172527232
-0.218009631711
0.541404161102
1.14238290574
0.969460822902
0.531114839662
0.677873972007
-0.713369702107
-0.0398767457486
0.749025052044
-1.22831378666
-2.06110716308
-2.78768768575
-0.867870783802
-0.7146963465
-0.327892488875
0.365621891128
1.58303961744
1.17084563887
0.103550394238
1.30957320978
1.06412420803
0.592727558988
-0.479288855209
-0.904317743968
-0.327249244769
-0.407283476702
-1.53426781713
0.548747830737
0.175267684041
2.3370837826
1.14219812598
0.0184397929231
-0.638622196243
-0.533092630416
1.86475150158
1.82119526688
1.94397565603
-0.800217466142
-0.826001826016
0.000166715651014
1.25041747529
2.25329677713
1.84340575891
-0.130792305261
-0.756940569354
-2.62534110892
1.41592519252
-0.134533325789
0.697653127752
0.260101200496
1.07651061855
-1.12193286863
-0.951907695366
-2.04264420246
1.20210346927
-1.3158307072
-0.682663554703
2.59742894861
0.472323353038
-0.309102349772
-1.2254622316
0.772044004534
2.84934403068
1.104618167
0.14020727978
-0.291743824606
-2.01671545696
-2.19995999697
-1.75556086645
3.05402700286
0.620414346313
-0.605389308695
-2.29677481622
-0.689296616344
3.3619021857
3.03656513112
0.907647528799
2.27030987533
1.86796015244
3.24852576186
2.75923062067
1.8781698522
0.450753586733
1.3947111576
0.234941362422
2.11339835802
0.907862639462
-0.236703605183
0.331271246726
-0.0538293327557
0.758919021353
0.593202347213
0.543184041178
1.59962658521
1.58730824132
1.68814621541
-0.626080073054
-0.605178129654
-0.43755472863
-0.0396242583808
1.11031251581
1.12907818458
0.493940945949
0.47058203003
0.553508430094
0.505048667398
0.384762816957
1.03329410147
0.563879450925
-0.970269551095
-1.12579342271
-0.876721264899
-0.570312040434
-0.672598863673
-0.328947329243
1.50257978429
3.01729015541
0.123430170491
0.207834308468
0.0865223854279
1.24629483134
1.77893695806
1.32092564256
0.64851181627
0.493035280886
-2.2130617816
1.01195043696
-1.47238980609
-1.35748861223
-1.66873869487
2.39623360143
0.918801623446
1.35980688285
-0.2015545097
1.73767036386
0.374331924702
-2.03059523687
-0.515517510623
1.94054075793
1.55562808793
2.53917324635
3.37055203356
2.39019863762
-0.0499953421592
0.215051102609
0.861681659919
0.677264772411
2.24507558211
-1.62172822396
-1.20479190032
-0.872457117795
3.27106692889
-0.886559826127
1.73917446619
-0.730902080853
-1.56005214944
0.0892969975733
0.116533930555
5.30909887614
1.41346723414
-1.77606836608
0.907130401127
-1.32404833761
-4.11653021072
4.66604467247
0.262009367161
-0.477697703832
1.65981316635
3.6889339299
-0.491315135356
1.94552927167
2.94989371152
-0.000786002695973
-1.11551979374
0.472304249888
3.74494810709
3.422592212
0.0970741530597
-1.24217910094
0.212015668049
-2.8327762407
-2.35548977845
-2.8017974682
-1.22486002857
2.30718543557
0.867256322902
1.07408345992
-1.5006307938
-2.90054131256
4.25493276431
-0.613705180165
-0.741258385299
1.08608521599
1.49268304128
3.2178160519
-1.23988124582
-0.207524273857
-1.22146922225
-0.409161745558
-0.897725711708
-1.037129213
-0.327549966294
0.0927129389996
-0.815886626735
-1.52881614337
0.440594758603
1.02681231657
0.335796458421
0.124775286955
0.0652173350312
-2.09904425549
-0.658370609957
-0.269158539569
0.324898831946
-1.69916232031
0.60238165035
2.21154205146
0.489940675849
1.84120024108
2.00502748165
2.25645427895
0.775761497186
0.372426900147
1.69472989722
1.90727610547
-1.15243295646
-1.11982772166
-0.565149182351
1.81672518522
4.97440272282
3.5254353466
0.942539029218
1.30789939904
1.04017889827
2.61138670128
3.49292168786
3.07324558765
-0.708312612903
0.842304475977
-0.120127072964
3.0597120644
0.0963373871254
3.4711334936
3.3639528497
2.26268817892
2.20959712933
5.888878238
3.25835344734
-1.56790722144
1.29662249081
-0.619163087436
3.21685526025
2.01654969885
0.562563312977
0.547024153805
-0.614377708291
4.45509319857
-0.0940250661185
1.85452411472
-2.05517088651
1.00970560095
0.568846777846
-1.83424683221
-2.54791439853
0.00952331496495
-0.493336660355
-0.79941394573
0.578011263033
-1.68550647722
-1.67261325436
-0.694169440324
2.18699315819
3.05647168467
0.740286506795
1.45395657565
-0.98274300079
3.04413712163
3.80751753067
-1.9390059792
0.0833901227379
0.136858490369
1.14475905182
-1.71615945785
-1.25233022109
1.06603241455
-2.80334409301
-0.230565953326
-0.657087434986
-0.935667322361
2.04929641593
1.90585117553
0.260591871753
2.87662644509
0.150051205838
-1.23024867693
1.08685751682
0.981816651114
-1.72506245928
0.862091940986
-0.108799772896
-0.00859977881421
-0.0903951020157
1.93750240022
1.87987767222
-0.61132551544
1.06433961636
0.377554089461
0.0474980968898
-1.11932027772
-0.605288601485
-0.77635407653
0.734046416893
-0.545547518393
-0.659622365424
