4.04763462091
1.36005488225
0.107627925422
-1.08871164756
-1.80845509286
-1.28082750901
0.341763280382
0.151062510906
-0.950272290105
1.01994171057
1.62471361154
0.589795908412
-1.35804812704
-0.949624883217
1.39947341999
1.67768234182
-2.61833823368
-2.94164796528
-2.23261112746
-1.26862898129
-0.613316751767
-0.368213743875
-2.70114345779
-0.465029265739
0.163470889212
-0.623062598504
-2.43996427733
-1.46387700559
-1.7620062015
-1.9310811148
1.24434500047
0.224130868999
0.983688602907
2.3148117169
1.01380972155
1.38462671591
0.274942152466
-1.22779129399
-0.828175443464
0.338817802334
-1.79181346829
-2.98840743875
-0.664927004972
-1.49301873071
-2.81516229119
0.25611871322
0.746733816685
-0.382001526909
-3.43704738953
-2.00549802906
-1.07825551678
-2.39796247029
-1.53494920934
-0.342830689481
-0.302389902193
-2.09309983077
0.302499945233
0.990549844998
0.427650905511
-1.25615494966
-0.235750881578
-1.4789978454
-1.7975088459
-0.545831926741
-0.419825015932
-1.0145578129
-0.305488431208
-0.31081821797
0.25017897251
0.716838526274
0.251466066736
-0.210006631489
0.50805065151
0.495864141323
1.07492966681
0.488149721049
0.720284498025
-0.164238446962
-0.71221803377
-2.36047012955
1.25579446818
1.49938464173
1.05126845032
-1.21740954342
-0.514570831292
0.787689504942
0.778248599482
0.22022330801
0.819019053138
-0.725922291413
-0.661445910823
-0.633534023362
-0.501304577725
-1.30686007094
-0.0342859635385
-0.67407337079
1.2129952884
1.15170855717
1.11206707964
0.538355202671
2.44647753159
0.105247940845
-0.272389213095
-0.477644664666
-2.46321319281
-2.60421758547
0.243132461309
2.7855288056
-0.497734104925
0.0287821684403
-0.156792826407
-1.07397757795
-2.09216287619
-1.35423443315
-0.324260356502
-1.71437615654
0.171382845246
0.448836885004
2.07878914299
0.332913678506
1.4100716802
1.08660576217
-0.70191421742
0.522750219125
-0.329718082701
-0.0344246023771
-1.14306773033
-0.0071648031885
-0.786069007428
-0.621611588448
0.754139715364
1.13030958678
1.33149848988
-0.353484439355
1.19364735396
1.85913117472
-0.497264837038
0.144895753521
0.492124432945
-0.115612175967
-2.56710625698
-1.70886474033
-1.07645893165
-1.70897780376
-2.86863189541
-0.179682326583
-1.78637888259
-1.99567920574
-2.10968338996
-1.95235112503
-1.09385665471
-1.04420373198
-1.81633254346
0.696361608576
-0.113131183203
0.136345215277
-1.02556450492
-0.719001139633
-0.56940103983
-1.36011178202
-1.30662948603
-2.54677479468
-2.37899038383
-1.92085117566
-0.860253042729
-1.50835194583
0.0162096585725
0.0963491800874
-0.706079271797
-0.376959616617
-1.29837393081
0.0042301857727
-0.645463587341
0.82437287882
-0.111661377764
-0.121770568802
-1.22702870884
-0.707398637589
-2.08819270447
-3.0441357233
-0.0229994816145
1.1337301944
0.492519507449
0.526570783032
-0.646888374535
0.241034116299
0.241412498681
-0.45918994036
1.02124853658
-0.785677888239
-0.0819215419961
0.0786241978147
1.62907781509
-0.538918622305
1.09430774964
1.01231636338
1.01196073222
-0.100977969382
0.448589416479
0.270855417268
2.84183485836
0.00677794421221
-0.18235814992
1.31607491927
-0.109785128395
-1.12031198395
-0.561495871022
2.29573957229
-0.44606922062
-1.23969412926
-1.09596914022
-1.13855331751
-0.62571673777
1.2561794135
0.433738194831
-1.57877207322
0.702519706355
2.36289195788
2.92886834853
1.26025654694
1.66328890568
1.26926647558
-1.6239947069
1.15322825271
0.2000557014
-1.69159346032
-0.395457546119
-0.341860400023
1.38033336266
0.837503653054
1.16453683414
-0.100985586728
1.2764823391
1.02213215128
-0.125082910413
-0.817615150814
-1.97193375864
-1.38191814143
-2.00435191901
-0.602507110547
-1.62571256877
-2.10824167944
0.188771602405
-2.07441429453
-3.06040745328
-0.92029626699
-1.46828696008
-1.94027266954
-0.796955397745
-0.352596826033
-1.5233112578
-0.313963811317
-0.261620869986
-0.229506763088
0.302530494919
0.777480712313
0.651022163126
0.426275590084
2.01628302925
0.246477944855
0.148617141741
-0.298497140768
-1.19654108244
-0.778296325083
0.115297427313
-1.93608778431
-0.868227596788
-1.44226354374
-0.211974110947
-1.21853459108
-0.897017449567
-0.810460305298
0.550194731343
1.12070321516
0.164323682859
0.820246952502
-0.508327339994
-1.99673824017
-1.80139286175
0.165257616133
-0.71019682412
-0.277144840451
0.109093288097
0.57323699597
-1.1057810151
-0.683732319155
0.366562064863
-1.59244997669
0.433986192111
-0.945778534011
-1.21040284646
0.127699604965
0.874665980602
0.284822845615
-0.167102318251
-1.41678475333
1.13361551098
-0.438501988559
-0.882576542769
-1.55476715558
1.40973408243
0.0976613815142
0.24581840824
0.0149130916602
-0.623891767861
0.140474539108
0.0827340171194
3.1997153493
0.0140444757192
-1.66857141803
-0.672612699922
1.11634723438
-0.851776285627
-0.259007240812
-0.815006704498
-2.37969277345
-1.09103355491
0.830466520412
1.21790747253
0.836851022012
2.35586137893
0.805677939794
-1.0613074989
1.94691155887
-0.97616526969
-0.591668108326
-0.315707161137
1.57940360631
1.96820747424
0.460854765366
-0.517509458671
-0.691563947412
0.475691740483
-0.129818261194
1.62399070791
-1.02271593062
-2.5458305527
-0.938233081279
-1.25177774395
0.376646236062
-0.986328813892
0.852773781066
1.72320291318
-0.887279404368
-0.447050795854
-0.0684661500178
0.388653256196
0.955983607459
-0.303472553443
0.427625184758
-1.29363207021
-1.81895410869
0.713904715592
0.433989354434
-0.320434074511
0.191576434089
2.13521824868
2.7851033148
2.12577475139
-0.935937083751
-1.47831828983
-0.593328208358
-2.53670810863
-2.37659745825
-0.248517790484
-0.111759092101
-0.586291335075
1.55353926089
1.31736556916
-0.713459556918
-1.88031927197
-0.49662013421
0.370969014218
0.964418462029
1.10500074244
0.983828626625
1.34702013111
-0.701883213384
0.102352869128
0.700916725927
0.91617559758
-0.462497129191
0.619087026923
-0.596623595137
-0.189318170312
-0.882755358939
0.610917949442
-1.76255818421
0.852557670181
-0.818503089378
-1.48682172003
-1.08626403965
-0.179808042487
-1.10343953624
-0.513852242416
-2.78277586754
1.36522434796
0.488024253232
-0.98970463874
0.554154944216
0.941155611273
0.57510979675
-0.762392364341
0.338162131803
0.770280201546
-0.939212454963
-0.266899244264
1.82369152651
-0.036960344349
-1.31530109444
1.91091956505
2.2352869467
0.207102188361
0.665839218375
-1.55995783585
-1.91165849648
-2.65136116684
-1.90937774158
-1.44448530535
-0.828356245503
0.343846846128
0.167788472548
-1.44316477171
-0.106041642766
-1.53460426469
-1.4729750212
-0.491004969424
-0.417919097187
-0.699567125244
-0.678157588711
-0.976793714094
-2.12773527273
3.33601610033
2.02751186755
2.56086838782
0.761711483669
0.44214062416
2.23561249548
0.115250333183
3.12937199408
1.85482045509
0.95559562076
3.2948266549
2.55553505271
0.592771918734
2.54531099009
2.77161546323
2.41116266013
-1.10857498352
-0.0822075804207
-0.682984514896
-0.268210549871
-0.9596614819
-0.267360164828
-0.819079068182
0.18950451093
0.400078189745
-0.155889259832
0.00488934799081
-2.03126813889
-0.554322629739
-0.523477269105
-2.85855525566
-3.9240688325
-0.449854716207
-1.08847598407
-1.26500091893
1.0863167204
2.35170038968
0.450582703313
0.113377460175
-0.707846757287
0.339140216702
-1.56039052535
-0.566730594953
1.51070259899
1.64087924412
1.6288135139
0.85960674358
1.14463836726
-0.713130105926
-0.0301256904316
0.510078389937
-0.824679497404
-0.627949673377
-1.12582480866
-0.471825230412
0.370115324624
0.132850919555
0.192563106565
0.485325366887
0.75534651749
1.34319454764
-0.174756137528
0.485312862337
-1.29319601187
-0.407377833842
0.767646903617
-0.895353860402
-0.191907814679
1.56004317412
-0.405205565472
1.00396680719
0.559144073015
0.0690200958941
0.31083773043
1.52526259263
0.849092565625
0.311434075138
-0.468446134901
2.72427911266
3.19700050113
0.365492316858
-0.339009515281
-0.379726394352
-1.18421466775
-3.84918712064
-2.87571531794
-2.99743149675
-1.52674213814
2.23607999635
2.4749838833
0.653717364019
-0.788309689758
-0.266047501242
-0.1427576294
-0.574189754125
1.10405441963
1.92871221615
1.35283496722
0.774438377722
2.19846804667
-0.0757311827392
0.737683224792
1.68579706064
1.71444901112
1.35913834616
2.55601050931
0.600865081372
-1.84007561976
0.49294800299
0.480440769875
1.31559238273
3.06397602202
2.14602491469
2.25957659978
0.556816615682
-0.377739272778
-0.278408860028
-0.777666058653
0.357721319782
0.610604333881
1.58263648976
2.03902713752
1.18772425008
-0.966513818413
-0.32975467612
0.392157601731
0.216822880957
1.74008525946
0.395174162375
-0.473514533467
-0.563257881452
-0.744019577321
-0.949168686701
-0.978816144253
-1.84482122468
0.843600761856
-0.233721377545
-0.0977688148841
0.433234863053
-0.372627499561
-0.478047821994
-1.69402924501
-1.52834856551
-0.0235993504229
1.43562108987
1.52233580774
0.709487211751
1.87766391274
-1.62141669126
-0.1573268408
2.04223892799
-0.98314193072
0.0367288749708
0.0300678272641
1.63855463051
0.86822646774
-0.143308151493
0.893903111375
1.23863879118
-0.0421355353456
1.47401650093
-0.233338140446
-0.356811131245
-0.683341275656
0.1665794864
-0.436968861298
0.936102975807
0.217676110335
1.24571334047
-1.07688738194
-2.36946703576
-1.74498828555
-0.527359317707
-2.33272303835
1.7381554592
2.87566106851
0.613958229526
0.0836099993368
0.0511788748741
3.76378258632
0.683230993958
-1.73532633915
0.529706230389
-0.631561299852
-2.59164616028
-2.14873971976
-2.90468101009
-1.95957905001
1.72273129005
1.4340547922
-1.22619090798
0.0213575822712
2.76669579618
0.387531399654
-1.39166246227
0.0332922273786
-0.0520945078599
0.724839045115
1.08753447529
2.1575020604
-0.813544453552
0.828514522256
0.315596864476
1.75080175685
-0.686243472834
0.255014179902
-0.59146385634
1.14341394391
1.29564267396
-0.490221627673
0.47312762101
2.02054458125
1.23376250388
1.00029104522
0.525004362471
-0.70029783603
-0.692407083046
0.432648404962
0.315012977606
0.258877616009
1.00243859601
0.0451212981471
-0.0508988939481
-0.679316676427
-0.263968956879
2.51709139685e-05
-1.50915648081
0.51733884529
0.830450008885
-0.835818304348
-0.376841763977
-1.59557407573
-0.557781498558
1.04651126691
0.538637118336
0.977822939107
2.21444973577
1.03768100183
2.56105740109
2.27343465479
1.67676069459
0.501224482043
-0.854527229651
1.66175326181
1.89671906888
2.12441721981
1.33019897888
-0.991786389216
-1.91930005255
0.132388229666
1.01169727754
-0.0209878612262
-0.93609845535
0.833420643657
1.74686636683
-0.999575234233
-0.694006644971
-0.859142070719
0.504065857404
0.540882368348
0.985646424685
-0.357553617205
-1.50774889107
-2.72525424552
1.24771901415
0.459265970235
0.836379400786
-0.734646954673
0.794781324124
-0.671644880575
-2.633058831
-1.84890526832
-1.28877004755
-0.166949080406
2.06485746279
2.26309376972
0.203284023972
0.513407767624
2.48726708884
2.19668638668
-1.87512521445
-1.31474137488
-1.90900175859
-2.14783713359
-0.341701993522
-1.23060090875
-0.666109670332
1.59035369817
4.24316647351
1.91480084031
-0.423483328251
1.60613814188
4.19366420552
0.613083300182
0.157995437221
0.639765294685
0.0671879276855
1.75692368793
2.36122693533
3.87576241425
-2.3378021845
-2.22513047612
-1.58657564604
-0.231950426913
0.398466471544
2.18425300526
3.66242900884
0.887375892644
1.63392605166
1.48398751823
3.99450867994
3.80543716094
3.43847596698
2.96328376933
5.09956773862
3.37017083724
1.20159351667
2.02531468582
0.931877383293
0.575110423214
3.2494122036
2.7451982969
4.62341251791
1.09476239722
2.90831975
3.226052771
2.85784418651
1.22241006866
0.69656142521
-0.957036944354
-0.930557257858
0.271530175776
-1.82894657048
-0.432576849625
0.507041660723
2.52301472612
1.23456964846
0.257024519514
-0.285154420338
0.43813233621
2.06880912408
1.0081719119
1.57287059956
2.05090745036
0.684240101352
0.881493394396
0.342101132508
-1.99313118386
-1.1027383197
0.860680021566
1.50803672552
0.8537966233
1.20758356338
2.08459175935
0.942575644853
-1.35249467895
-0.933927388204
-0.342921925355
-0.570417704162
0.238482703156
0.151897542321
0.683127809534
-0.520909254666
-0.512648389426
0.890254252758
-0.423586294304
-1.17728956189
-0.355924850665
3.34623642271
-1.42942913698
-1.00218094656
1.38994139241
-1.07086716341
-0.717050003585
-0.595782195727
3.30421993535
-1.20804611412
0.92199211701
0.783120127924
1.37471786752
-0.0319250753193
-0.755921223408
-1.43615070506
-2.39484396561
-2.96616742109
-0.962464701517
0.208695188555
-1.50300294337
1.31182710787
2.71503155251
-1.49075965321
0.0494025341985
-3.68147677318
-4.5736634789
-3.72458421242
-0.882289591651
-1.03312902443
0.297608873552
-3.6782450868
-1.05035494699
-4.2537082367
-1.74440433562
0.145321882242
1.18238431357
-2.45815324004
-4.73965824316
-0.376881693039
0.521953615079
-2.68608611825
1.74165231813
0.768860926647
0.557860693189
-1.28320272948
-3.06128145172
-3.86501993142
-4.58384332146
-2.46024679374
-3.3956618297
-0.34885689349
-4.39082811239
1.17050340707
-2.38505313194
2.40637535998
0.931956025816
-1.71477483512
-0.841112719548
-1.00771265825
0.156741386933
-1.73711856227
0.952240378392
-1.47185514304
1.88335400315
-1.89715958886
-1.04644475445
-0.645830720522
1.49813136259
1.71178965939
0.0394725940077
0.504875129993
-0.404175412095
-1.48029284508
2.11600327548
2.95327006669
-1.65207901781
1.10851836483
0.739832984704
-1.22252600965
1.71268985656
-1.31268600336
0.748735541069
0.48183228917
1.90226871851
-1.75305705985
-1.20151371457
1.97469036717
1.49477595136
2.7026055925
0.654735554867
0.800510324428
-1.19770328091
-0.888067636831
0.0338932817827
1.52499128353
0.263485049208
-0.677718558807
1.31016355409
0.169202454772
-0.299243258166
0.794371712742
-3.09089719124
0.313663683618
0.725032223425
-1.52452809817
-0.283554051121
2.18824827363
1.41562153873
-1.04415452756
0.896210882478
1.15393148489
-1.23291645224
0.252489704878
0.0209786154687
0.886491799407
1.16771752073
2.45607132253
2.82424661453
0.378264105721
-0.491020109249
2.41602728782
4.09381336711
2.54383131826
2.06444839966
-0.945918659431
-0.242335963896
1.40320911293
2.30253839492
-0.0496046557403
1.30914406076
-1.21328080335
-0.615704626135
-1.06347363738
0.779454777522
-1.88463051305
3.00066196985
2.27809288053
1.76519428877
-0.695105774712
1.78095751486
1.9966117944
0.545656685767
-1.02170406167
-0.833743822805
-1.27723140924
-2.4908362371
-4.31002492702
-3.26573737696
2.41331506763
-1.68173619904
3.18543223104
3.44684487769
-3.09872913469
-2.38264307613
0.0483113853951
-1.15513862173
4.09672140241
1.27273658705
1.62283205712
-0.610992566797
-1.3453413852
2.92779613427
6.12171465502
3.34795337447
-0.34277397212
2.83002990297
1.52113993278
0.638029053704
2.28366005657
3.42244693054
4.09585565157
4.26809152059
1.26664752076
0.580911117821
-0.317002858609
-3.2990981402
-0.880462969143
-2.25919491546
-4.13497308433
-0.341524201939
-0.553221389786
0.326120455103
0.686031023525
-0.112292126894
-0.757363030453
-2.29700073281
-1.19816818362
-0.222628363381
-0.430238784428
-2.64945587453
-0.0578554317238
-1.99618990136
-1.36743284318
0.183847080059
-0.638889254611
-0.926053442978
0.7491319658
-0.265893852923
-0.0327129217296
-0.740365952687
