1.65818451778
0.843493920788
-0.336717205793
-0.688945247643
1.9598887591
0.669749550646
1.35161578513
0.117437419742
0.865865097132
0.0454395556372
-1.51244985383
0.903438361888
1.23184712953
1.69734002868
2.7201170425
4.16531866965
0.129232561362
-0.318356563849
-1.09384716004
0.0623640084016
1.056007481
0.882737189364
1.63126004648
1.16800935635
2.00738229972
1.32234060141
0.0307256763272
-0.015258016835
-0.498632277622
3.21645063574
2.41507910403
4.22443376453
0.768798445322
-1.12793722592
-0.820578478172
0.558605224617
0.385987044829
0.502095333975
-1.57897352558
-0.0644209797581
1.38612061448
-0.174905731237
-1.24253749627
1.13138120426
0.483495926329
0.476992460486
1.72705976439
0.669596313014
-0.599817106106
-0.221497351975
-1.28299027841
0.311544690007
0.503522482982
0.415263449476
1.65074591574
0.133484706421
-1.02129923817
-1.53250846539
-0.688410613006
0.0106731011821
-0.0378263097838
-1.20138379782
0.124287742204
-0.878246274021
0.237637741593
1.81677027838
0.525403585375
2.39535215822
1.92685373997
-0.34336521105
-1.63169676128
1.40059092214
0.894976920279
1.80930071924
1.75567048078
2.22101870848
2.66924254294
1.72859344773
1.2584624457
3.23313454339
-0.342669491965
-1.37318651791
-0.942719470844
-0.357741192756
0.113355688379
0.966148599563
1.68720908585
0.043411396549
0.0454669972446
-0.970949458279
-0.969883182095
1.73988849623
0.252561778808
0.304933840547
0.290214538424
2.32357161297
0.383797655043
0.222067519042
0.771806371666
0.823353445428
0.223040138983
1.10498262555
-1.29079342473
-2.65290043755
0.154568568634
-0.742906580954
1.03241008404
-0.839122141449
0.553588395808
0.641273194836
0.353452384549
-0.47305781837
-0.672183507412
-0.967782004218
-0.227236479882
1.71074462263
-0.537300513138
0.656765594929
0.386441478626
-0.0608139164857
0.670421958515
0.520798769525
1.57536865734
-0.227045581896
1.83729072605
1.69324619476
0.040620413773
-0.41155470314
0.0191243946495
0.49664822431
0.993262534454
1.38086693922
1.23582211045
1.82087954047
-0.42144216405
0.346610974232
1.18237404984
-0.76337845769
0.994243891351
0.93312444381
1.75368574681
0.034286552906
0.0687026813235
0.141319837327
2.04994776679
0.337557218927
0.742073749963
1.23488991179
-1.74497559137
-1.03038371186
-1.52308095601
-0.818273963085
0.0383590505478
0.53958559496
-1.17115303308
-0.833737635882
0.44266588628
-1.56727111294
-0.657227947001
0.702674130631
-0.0103202712254
-0.481060499005
1.04893814188
-0.424655583478
-0.033429511323
-0.24839002093
-0.751352133594
1.0071652579
0.0909468992653
0.128578605179
-0.268706091463
0.181283666135
0.409009440505
0.309832870993
0.177290145854
0.763584427184
0.799421185259
0.471082167857
1.59107144093
1.8783183187
-0.997934603069
0.75449838478
-0.361698259872
-0.0387001628861
0.812805706483
0.651674821519
0.706182819645
0.0059922101165
1.38296516767
-0.174918656966
1.00307445768
0.575680787365
0.203613115794
1.23545892875
0.441674618365
0.658470046926
-0.51961763082
1.64440502658
0.603999884589
1.1822202865
-2.68790285926
0.235367505512
-1.2765815081
-1.65545741016
-0.485328468484
-0.24974288691
1.04115860571
0.793573252207
-0.719406503918
-0.799249738038
-0.228662669165
-0.399788986892
-1.4577843503
-0.325699520069
-0.540846807213
0.229044289614
-1.03163650083
-1.03420023835
-0.841117103835
-1.83810553068
-1.06164297304
-0.980147585976
0.671995556088
0.651904181324
-0.0848566781082
-1.13391441917
-0.720333199926
-1.1969735637
-0.570353684176
-0.89743249702
0.554667578746
0.024039960845
0.243051387029
0.70569798744
0.885278499825
0.543277659853
1.12127518885
0.473199935722
0.0176734663984
0.274239460838
0.640276556338
1.246760703
1.39970302946
0.757800435312
0.417325387367
-0.114088541076
1.67206952458
1.85331295928
-0.017061024067
0.378056887025
-0.138985503251
-0.102815495819
1.27283573758
-1.34908707899
0.144954321337
1.37829410224
0.0480870332078
-0.0422998534623
0.255894645723
0.795058503495
-0.591521347515
-0.404253748591
-1.75478681063
0.0293079297865
-0.986623845494
-1.57126888772
-1.73299975305
-0.193670095824
0.878199114669
0.180839231099
1.25380717509
0.0664891649106
-0.504420047902
0.0567328724853
1.3186581572
0.870998024679
-0.0724786641627
-0.0401427707536
-0.296028274971
1.98025568965
0.244928222284
0.41255557733
1.53052183045
0.949140108894
-0.52065293563
0.483308723892
0.124570268903
-0.408540480388
-0.287284915513
0.313050315823
0.0967007236875
0.745001106265
-0.219674308865
0.351849943278
-0.622702738789
-0.26264175592
-0.287263626395
1.16982525298
0.493400406744
-0.0216356403338
-2.99370330936
-1.14294764917
-0.123490063569
-1.64744323457
0.0194700878497
-0.0421877575778
1.32001064992
2.23769551812
-1.29576955376
-0.633709395198
0.487321914855
-0.65628733936
-0.865682925105
0.708534550368
0.891785469065
0.820173676581
0.400322796358
0.325360387679
-1.4993453016
0.463442386907
-0.331682227339
0.89759868025
1.8009745872
0.20335295173
-1.46362772824
-0.0548171734281
-1.99212678014
-2.21516666834
0.0373829442769
0.0268728750702
0.270433381961
-0.0617385498356
0.128861678599
1.36598582015
-0.0266185680856
1.72144433136
1.53610525155
0.128230209211
-1.26250169093
0.0187646298208
0.70812437207
0.407946771706
0.485496493982
-0.0732050299908
-0.0172542049868
0.461943239937
0.373434494867
0.708426445546
0.181544456334
1.47391914577
-0.0141512314192
0.803426525866
1.9693195681
0.409442769724
1.67377583811
1.29195133242
2.15221113858
2.20065039388
1.13168940436
2.07856292316
1.56914214305
-0.00158349545169
-0.331158307327
0.366353600684
1.04296365618
-0.996224868767
-0.708899068658
-1.60230904607
-0.546519486658
0.111052794106
0.0626949145464
0.209900704936
-1.81016901071
-1.854814409
-0.967589246033
0.421151093024
0.502106734179
-0.471086785865
-1.45477416535
-1.88793388492
-0.535888784571
-1.06943507088
-0.167991239456
-1.8984900895
-0.755725217497
0.0745419733407
-0.41337927153
-0.941468676044
0.19937716579
-1.35225592712
0.778371479985
1.37940147684
0.949357648958
-0.196163230034
1.01730458097
0.580901447204
0.452583939925
-0.289981984085
0.81607422327
0.673764818174
0.18432812854
1.47970340135
-0.337760857366
-0.771622000226
-0.521427826953
0.11007052678
2.23909601135
1.56210382039
-0.78454201115
1.00505328569
-0.488522321123
-0.535103830787
-1.19450707424
-0.729854907053
-0.642332696755
-0.608157645761
-0.69786142764
-1.19546703773
-0.324981397201
0.579491206608
-0.390155756046
-0.53305227931
0.635731598827
0.128693836999
1.52121477344
0.623018731329
-1.11378500406
-2.74616555394
-0.692795540577
0.759040709117
1.58561546179
-0.468635535618
-0.301062545751
0.652499625701
1.24279099254
1.26297142615
-0.116080768461
-0.908254555814
0.340449382456
-0.477454533298
0.275518133073
-0.775980640105
1.31323877259
-0.254343630238
-0.00664617979117
0.398342407122
0.461509943166
-0.764340830035
0.7204642757
0.627898956675
3.27190427297
0.87687073875
0.554591218474
2.75543855111
1.96051826457
1.1868593915
2.08778903041
1.85577344491
1.31198947512
-0.217678307561
0.561244589051
0.969371417253
1.93069127855
2.88141037965
0.648035140207
-0.415485958162
0.224033687614
0.62621463525
-0.00136502082456
0.835448612667
-0.323813738376
-0.614809389945
-1.85625217824
-0.760751437308
-1.902625623
0.0946674782986
-0.569913720836
0.240269232587
-1.63691404793
-0.240103379037
-1.1664751
-0.4434419606
-0.194638344395
-0.175037554882
-0.529044905394
-0.896116643225
0.412367123912
-1.78785968166
0.797103210914
0.00269148744027
-1.4829125396
0.630090106401
0.924149849497
0.237015529327
0.767663224656
1.8237412284
0.657282820729
1.55316149621
0.749624801804
0.217267417639
-0.0945718722997
0.979872337966
-0.894195461981
-0.457299234393
1.08845229338
-0.0197572748139
2.88645366788
2.65452747629
-0.0903305329624
0.341830010128
-1.42198064381
-0.41000749267
-0.0380009222525
-1.65757024903
-0.44967865851
0.0628824808284
2.87578499899
0.766907190429
2.81737478131
3.0899286998
0.146327008885
1.10917098886
1.82396247051
0.767969709085
-0.338900360822
2.07722731458
0.429561098201
-1.8752806585
-1.4243003885
1.89088299499
1.00926435236
1.60540938012
-2.09964281588
-0.292891080612
0.795415735282
2.10273860172
1.09465208138
1.13824830164
0.731742663583
1.34303571915
-0.558812513397
-0.873825110394
0.0150379833295
-0.154814865683
0.474505684448
0.738275048531
0.781662250966
0.869931267596
-0.707806429337
-0.855543491986
-0.471458511358
-0.255813061655
-0.706637933726
0.454308347079
-1.15224193418
-2.51095343729
-0.113982035709
-1.13232110047
-1.04477116926
-1.70543509828
-1.86065480584
-0.92543086228
-0.445397560226
1.77283438084
0.0534212697348
-0.567648342256
-0.426758952586
0.197509580133
-0.37059006793
0.345816545845
-1.60408230236
-0.0950269466242
-0.253278437317
-0.19024293353
-1.80796794834
-0.488932730902
-1.71197851573
-1.21975792478
-2.14160990781
0.29687473343
-0.164552461871
0.827949532713
0.849377161968
-1.37148038501
-0.373461539915
-0.296207017839
0.174694784683
-1.94020278845
1.52979471179
0.540161369237
-1.29513974748
0.387137954614
0.755635189095
1.12053104451
-0.52446843814
0.945649751688
0.880909386748
0.519611225002
0.690118673624
1.06743905841
-0.544473920814
0.232031012473
1.2319852758
-1.00070892704
2.8736671741
1.1293213618
2.0039567574
0.110494648153
-0.927155159682
-0.831255826151
-2.43493523009
-0.22719363514
-1.21866131361
-1.35065651004
-1.32220892194
-0.539969485418
1.95725610079
0.144155742599
1.94312914149
1.49368698017
0.435165901059
0.106839022875
0.0251290511093
-0.157029194083
-0.468936958218
1.91057234341
2.03947594878
-2.02301133561
-1.19332068686
1.11524443936
1.12978880851
0.90169972128
-0.545794753437
0.745052819585
0.88295536841
2.07393060298
0.948501421371
-0.271898307622
0.728221032335
0.961920525779
-1.09262357344
-1.26868491829
1.54775183669
2.26707085539
0.600272589559
0.513849535995
1.14210233148
0.260823065614
-1.78816467219
0.224288228999
0.0638346175551
-1.97775770492
-1.95645818611
0.224073153434
-0.510590734944
-1.52320023024
-1.15498667498
-1.04649098691
-0.710109204847
-0.724857790508
-0.960976866303
-1.87133332608
-1.14409853607
-0.870932014142
-0.825845740161
-0.730067609538
0.908997020622
-0.1505586228
-0.867877089859
-0.0579357115756
-0.0960471145485
0.689115734941
1.20906404498
1.93547227692
-0.559063752721
-1.12961491454
-1.74953860631
-2.95894709004
-0.553752989036
-0.851545651747
0.925418019671
1.23892785882
-0.0478434816616
0.260094879595
-0.816502383925
0.133632852191
0.0849167425572
-1.50053140976
0.187308039469
-0.411296586673
0.0930807097903
1.66201980698
0.566673214262
0.914649801979
0.962092617879
0.510238085074
-1.04824519694
-0.814236922787
-0.0517749667727
-0.748444653351
-1.69545204034
-0.0748040611355
-0.520420589441
-1.12596908553
2.35714554209
0.391442590817
0.594797978462
0.520661942954
-1.35626020949
0.0818660013983
-1.35372516996
-2.72074646616
-2.56205418781
-2.50723658927
-3.08952927775
0.533592805522
-0.144890183388
-1.52664058498
-0.293206208471
-0.00949998818969
-1.36893800071
-3.63460566595
-2.45111059356
-2.14372769391
-2.53818753304
0.257539313246
-0.111796697399
-1.5758839023
-3.64927215788
-0.335578640879
-1.60229739967
-1.42001022209
2.38560351207
1.54515838265
1.57213225614
1.20154881155
0.997980359885
0.0106401581775
-0.828030375738
1.25000973857
1.6626179337
1.28387294056
1.31512604248
1.67536788535
2.69689857151
2.03534853095
0.506757770752
-1.27193612603
-1.00891093677
-1.42295189992
-1.32807433977
-4.11313013816
-2.6922728176
2.31488285919
1.3562086974
1.21104495152
0.472855561946
-1.38099790195
0.25777484638
0.25760242503
-0.0411213848712
0.282783428002
0.180703513258
-0.11745797611
0.169332763986
0.948856189025
1.73339903249
2.75886810785
2.13828035707
1.54967987857
3.0418175461
2.8765785942
3.71813111571
3.02674197579
2.30586180663
2.32926586162
2.72648716154
1.15953606923
0.521416425222
1.71187130391
2.39080305073
2.00191396791
1.54142308854
-1.0293598292
-0.250147030234
0.33266621153
-0.638041668947
-0.202805882862
-0.589838809692
-1.71984076364
-1.06591379527
0.261760458756
0.197897733129
-0.764300266527
-0.829336582769
0.840896394333
-1.42125275409
-1.22304946171
-1.15643323422
-1.16707132309
-3.85708145798
-2.54676520086
0.283827090848
-1.1709887449
-0.947582903246
-2.0409914965
-2.56303287085
-0.596422389032
-0.794109918525
1.55844522492
-3.06391508004
-0.539658085597
-0.492288970638
0.387040204718
0.387766660643
-0.43996579098
-0.975953638207
-2.81627593423
-1.24792638523
0.550612464224
-1.10771255251
-2.55023358993
-4.30134454765
-3.61952129224
-0.785215469511
-3.07545684409
-6.62841005447
-2.3764249002
-7.15860096228
0.283793077577
-3.69513661069
-3.14353611232
1.69831218612
3.31199647323
-0.598329140439
3.2145177496
0.913365283465
-3.09121871406
-5.77440988869
-2.79292465862
-2.43167151296
-2.53798896056
-7.86070450553
-1.97909305054
1.10250667396
-3.1644888739
-1.36705986424
1.11368292177
-1.76832220614
-2.31871068669
-1.18622510018
-0.696353671314
1.02044904789
-0.788800098463
3.34160548989
0.74982432941
-3.6639789661
1.16603043779
3.02229865007
-0.177946153342
-2.43579252285
1.56277364242
2.1324084472
0.931277004678
1.99570327858
-2.18339841978
3.36461745525
3.63249725173
-2.43221450151
-1.41202847598
4.08568766547
-1.61163352632
0.399976416592
4.2484270594
-0.790792197815
2.00211769215
0.749285912937
0.945329810359
-3.24409589716
0.365281454213
0.0015378152307
-1.10077760985
0.0386319172211
-1.93299871464
2.91165896838
-0.356866839148
-2.66384615525
-2.97283039074
-1.46518170688
-0.818816599337
-1.1994137119
1.79682403057
0.0604563680727
-0.881908508216
1.08464611354
2.12696730888
-2.29585754012
-3.27681681478
-2.16506493942
-1.00691181619
-0.0991981002076
0.532126690949
-0.537010983103
-0.235009130966
0.183729305835
-2.90598270571
0.662304789607
0.301710109094
-1.55482667445
-0.232827313835
-0.317423573345
-0.123746457729
-1.14345044248
0.55516124252
0.995952442503
4.86465453152
-1.1700404287
-4.40168158827
-1.24652682921
0.456243240977
-1.18372879668
2.94806435366
-0.0469158363037
3.44762763255
1.16222790528
2.25165042144
-2.15792587739
-1.92920777564
-3.5858610643
0.35971859659
-1.68592820177
-1.36980016208
-0.270259611828
0.567691334958
1.2422170244
-3.41811004264
-1.50832570671
0.00304517062071
0.571787195526
0.347971798355
1.45429543509
-1.10669813856
-0.443317162502
1.46961162913
-1.01450836934
-3.92662627038
-1.20936522406
-3.3869200465
1.30145240253
-1.27020820224
1.74562759575
1.2699483412
-0.150369800961
-0.0354976776418
2.77003536455
2.91506551847
4.19470449229
2.98891286645
1.51977183556
5.19576187968
0.798862730116
2.84919128683
-1.27617263336
3.60677710364
1.6171926082
-0.675825855033
-0.332345928224
1.1377451019
1.29937379764
0.327213111201
5.18012437303
-0.0279714607671
3.67191225177
0.294306540547
-0.556160545913
-1.9304409244
-0.110217475019
-1.15249709046
0.0183234507562
0.0774749999877
-0.214463750866
-0.710593589796
1.24165845988
-1.02922560146
-1.13271104962
1.11047684344
0.511116158973
1.32437639619
0.80893676481
-0.615310490184
0.832705239685
1.72765867312
0.739367403424
0.822973261473
0.745098822038
2.31861247656
1.17598930079
1.07894015373
0.679620584651
1.08063552402
